 0.00000  5.440758e+12  1.047616e+13  0.000000e+00  2.414324e+21  0.000000e+00  
 0.00008  5.526656e+12  2.812239e+13  0.000000e+00  2.414324e+21  0.000000e+00  
 0.00016  5.900281e+12  3.771443e+13  0.000000e+00  2.414324e+21  0.000000e+00  
 0.00023  6.375434e+12  3.176851e+13  0.000000e+00  2.414324e+21  0.000000e+00  
 0.00031  6.906010e+12  2.965287e+13  0.000000e+00  2.414324e+21  0.000000e+00  
 0.00039  7.472400e+12  4.589767e+13  0.000000e+00  2.414324e+21  0.000000e+00  
 0.00047  7.519898e+12  3.467589e+13  0.000000e+00  2.414324e+21  0.000000e+00  
 0.00055  7.755672e+12  2.005992e+13  0.000000e+00  2.414324e+21  0.000000e+00  
 0.00063  8.247167e+12  1.499900e+13  0.000000e+00  2.414324e+21  0.000000e+00  
 0.00070  8.180028e+12  2.283770e+13  0.000000e+00  2.414324e+21  0.000000e+00  
 0.00078  8.338844e+12  3.877599e+13  0.000000e+00  2.414324e+21  0.000000e+00  
 0.00086  8.875638e+12  6.099232e+13  0.000000e+00  2.414324e+21  0.000000e+00  
 0.00094  9.183187e+12  4.787031e+13  0.000000e+00  2.414324e+21  0.000000e+00  
 0.00102  9.441331e+12  4.988304e+13  0.000000e+00  2.414324e+21  0.000000e+00  
 0.00110  9.009950e+12  4.834413e+13  0.000000e+00  2.414324e+21  0.000000e+00  
 0.00117  9.736683e+12  3.663378e+13  0.000000e+00  2.414324e+21  0.000000e+00  
 0.00125  9.733025e+12  2.731283e+13  0.000000e+00  2.414324e+21  0.000000e+00  
 0.00133  9.791823e+12  3.120741e+13  0.000000e+00  2.414324e+21  0.000000e+00  
 0.00141  1.041940e+13  2.228630e+13  0.000000e+00  2.414324e+21  0.000000e+00  
 0.00149  1.077321e+13  4.690860e+13  0.000000e+00  2.414324e+21  0.000000e+00  
 0.00157  1.112726e+13  5.467078e+13  0.000000e+00  2.414324e+21  0.000000e+00  
 0.00164  1.178319e+13  5.555607e+13  0.000000e+00  2.414324e+21  0.000000e+00  
 0.00172  1.164697e+13  6.665555e+13  0.000000e+00  2.414324e+21  0.000000e+00  
 0.00180  1.212851e+13  3.215725e+13  0.000000e+00  2.414324e+21  0.000000e+00  
 0.00188  1.256171e+13  3.459459e+13  0.000000e+00  2.414324e+21  0.000000e+00  
 0.00196  1.266986e+13  3.900901e+13  0.000000e+00  2.414324e+21  0.000000e+00  
 0.00204  1.242540e+13  3.920130e+13  0.000000e+00  2.414324e+21  0.000000e+00  
 0.00211  1.260442e+13  3.889320e+13  0.000000e+00  2.414324e+21  0.000000e+00  
 0.00219  1.282377e+13  1.676986e+13  0.000000e+00  2.414324e+21  0.000000e+00  
 0.00227  1.255562e+13  4.361338e+13  0.000000e+00  2.414324e+21  0.000000e+00  
 0.00235  1.289843e+13  3.283265e+13  0.000000e+00  2.414324e+21  0.000000e+00  
 0.00243  1.334736e+13  3.993312e+13  0.000000e+00  2.414324e+21  0.000000e+00  
 0.00250  1.347627e+13  3.551776e+13  0.000000e+00  2.414324e+21  0.000000e+00  
 0.00258  1.418937e+13  3.456923e+13  0.000000e+00  2.414324e+21  0.000000e+00  
 0.00266  1.412615e+13  4.038955e+13  0.000000e+00  2.414324e+21  0.000000e+00  
 0.00274  1.446902e+13  3.830752e+13  0.000000e+00  2.414324e+21  0.000000e+00  
 0.00282  1.451680e+13  5.220239e+13  0.000000e+00  2.414324e+21  0.000000e+00  
 0.00290  1.467414e+13  4.184423e+13  0.000000e+00  2.414324e+21  0.000000e+00  
 0.00297  1.490303e+13  2.170485e+13  0.000000e+00  2.414324e+21  0.000000e+00  
 0.00305  1.542080e+13  4.307844e+13  0.000000e+00  2.414324e+21  0.000000e+00  
 0.00313  1.619641e+13  7.827679e+13  0.000000e+00  2.414324e+21  0.000000e+00  
 0.00321  1.587852e+13  5.959206e+13  0.000000e+00  2.414324e+21  0.000000e+00  
 0.00329  1.542292e+13  3.819186e+13  0.000000e+00  2.414324e+21  0.000000e+00  
 0.00337  1.566957e+13  5.473722e+13  0.000000e+00  2.414324e+21  0.000000e+00  
 0.00344  1.639856e+13  5.929517e+13  0.000000e+00  2.414324e+21  0.000000e+00  
 0.00352  1.603049e+13  4.728578e+13  0.000000e+00  2.414324e+21  0.000000e+00  
 0.00360  1.571950e+13  2.474826e+13  0.000000e+00  2.414324e+21  0.000000e+00  
 0.00368  1.559216e+13  4.707021e+13  0.000000e+00  2.414324e+21  0.000000e+00  
 0.00376  1.590992e+13  5.011952e+13  0.000000e+00  2.414324e+21  0.000000e+00  
 0.00384  1.613930e+13  6.188500e+13  0.000000e+00  2.414324e+21  0.000000e+00  
 0.00391  1.647395e+13  3.658887e+13  0.000000e+00  2.414324e+21  0.000000e+00  
 0.00399  1.690269e+13  2.816736e+13  0.000000e+00  2.414324e+21  0.000000e+00  
 0.00407  1.733449e+13  3.847021e+13  0.000000e+00  2.414324e+21  0.000000e+00  
 0.00415  1.760764e+13  5.182212e+13  0.000000e+00  2.414324e+21  0.000000e+00  
 0.00423  1.735857e+13  4.730587e+13  0.000000e+00  2.414324e+21  0.000000e+00  
 0.00431  1.800286e+13  4.602929e+13  0.000000e+00  2.414324e+21  0.000000e+00  
 0.00438  1.862593e+13  8.674830e+13  0.000000e+00  2.414324e+21  0.000000e+00  
 0.00446  1.924511e+13  7.012014e+13  0.000000e+00  2.414324e+21  0.000000e+00  
 0.00454  1.959883e+13  4.055205e+13  0.000000e+00  2.414324e+21  0.000000e+00  
 0.00462  2.037417e+13  6.128005e+13  0.000000e+00  2.414324e+21  0.000000e+00  
 0.00470  2.017151e+13  6.081840e+13  0.000000e+00  2.414324e+21  0.000000e+00  
 0.00477  2.015317e+13  7.733589e+13  0.000000e+00  2.414324e+21  0.000000e+00  
 0.00485  2.028874e+13  4.141088e+13  0.000000e+00  2.414324e+21  0.000000e+00  
 0.00493  2.031919e+13  8.513736e+13  0.000000e+00  2.414324e+21  0.000000e+00  
 0.00501  2.051706e+13  4.872824e+13  0.000000e+00  2.414324e+21  0.000000e+00  
 0.00509  2.060244e+13  5.345030e+13  0.000000e+00  2.414324e+21  0.000000e+00  
 0.00517  2.068522e+13  5.544141e+13  0.000000e+00  2.414324e+21  0.000000e+00  
 0.00524  2.087303e+13  8.968790e+13  0.000000e+00  2.414324e+21  0.000000e+00  
 0.00532  2.128521e+13  7.232584e+13  0.000000e+00  2.414324e+21  0.000000e+00  
 0.00540  2.083043e+13  2.825201e+13  0.000000e+00  2.414324e+21  0.000000e+00  
 0.00548  2.140389e+13  3.825603e+13  0.000000e+00  2.414324e+21  0.000000e+00  
 0.00556  2.188884e+13  7.020494e+13  0.000000e+00  2.414324e+21  0.000000e+00  
 0.00564  2.205745e+13  7.903854e+13  0.000000e+00  2.414324e+21  0.000000e+00  
 0.00571  2.146343e+13  7.217618e+13  0.000000e+00  2.414324e+21  0.000000e+00  
 0.00579  2.154438e+13  5.785301e+13  0.000000e+00  2.414324e+21  0.000000e+00  
 0.00587  2.235290e+13  3.282173e+13  0.000000e+00  2.414324e+21  0.000000e+00  
 0.00595  2.262549e+13  4.655327e+13  0.000000e+00  2.414324e+21  0.000000e+00  
 0.00603  2.324669e+13  5.705559e+13  0.000000e+00  2.414324e+21  0.000000e+00  
 0.00611  2.388788e+13  5.972592e+13  0.000000e+00  2.414324e+21  0.000000e+00  
 0.00618  2.323054e+13  5.674522e+13  0.000000e+00  2.414324e+21  0.000000e+00  
 0.00626  2.339178e+13  4.735530e+13  0.000000e+00  2.414324e+21  0.000000e+00  
 0.00634  2.351924e+13  6.946932e+12  0.000000e+00  2.414324e+21  0.000000e+00  
 0.00642  2.372951e+13  3.394499e+13  0.000000e+00  2.414324e+21  0.000000e+00  
 0.00650  2.465372e+13  3.727866e+13  0.000000e+00  2.414324e+21  0.000000e+00  
 0.00658  2.490910e+13  3.906655e+13  0.000000e+00  2.414324e+21  0.000000e+00  
 0.00665  2.589761e+13  7.292023e+13  0.000000e+00  2.414324e+21  0.000000e+00  
 0.00673  2.548666e+13  5.629854e+13  0.000000e+00  2.414324e+21  0.000000e+00  
 0.00681  2.551591e+13  5.783097e+13  0.000000e+00  2.414324e+21  0.000000e+00  
 0.00689  2.576114e+13  4.951011e+13  0.000000e+00  2.414324e+21  0.000000e+00  
 0.00697  2.578051e+13  8.039127e+13  0.000000e+00  2.414324e+21  0.000000e+00  
 0.00705  2.605301e+13  9.066004e+13  0.000000e+00  2.414324e+21  0.000000e+00  
 0.00712  2.591224e+13  6.897210e+13  0.000000e+00  2.414324e+21  0.000000e+00  
 0.00720  2.567006e+13  5.787238e+13  0.000000e+00  2.414324e+21  0.000000e+00  
 0.00728  2.685211e+13  4.934223e+13  0.000000e+00  2.414324e+21  0.000000e+00  
 0.00736  2.809634e+13  3.920204e+13  0.000000e+00  2.414324e+21  0.000000e+00  
 0.00744  2.734452e+13  3.575108e+13  0.000000e+00  2.414324e+21  0.000000e+00  
 0.00751  2.863362e+13  6.985080e+13  0.000000e+00  2.414324e+21  0.000000e+00  
 0.00759  2.890649e+13  6.164779e+13  0.000000e+00  2.414324e+21  0.000000e+00  
 0.00767  2.897811e+13  4.678646e+13  0.000000e+00  2.414324e+21  0.000000e+00  
 0.00775  2.968539e+13  3.040643e+13  0.000000e+00  2.414324e+21  0.000000e+00  
 0.00783  2.931982e+13  4.818736e+13  0.000000e+00  2.414324e+21  0.000000e+00  
 0.00791  3.008653e+13  3.751541e+13  0.000000e+00  2.414324e+21  0.000000e+00  
 0.00798  3.052883e+13  3.409890e+13  0.000000e+00  2.414324e+21  0.000000e+00  
 0.00806  3.048988e+13  5.009109e+13  0.000000e+00  2.414324e+21  0.000000e+00  
 0.00814  3.052608e+13  3.939320e+13  0.000000e+00  2.414324e+21  0.000000e+00  
 0.00822  3.169545e+13  3.612934e+13  0.000000e+00  2.414324e+21  0.000000e+00  
 0.00830  3.183301e+13  9.888708e+13  0.000000e+00  2.414324e+21  0.000000e+00  
 0.00838  3.145203e+13  5.094870e+13  0.000000e+00  2.414324e+21  0.000000e+00  
 0.00845  3.094698e+13  4.460077e+13  0.000000e+00  2.414324e+21  0.000000e+00  
 0.00853  3.108283e+13  1.883661e+13  0.000000e+00  2.414324e+21  0.000000e+00  
 0.00861  3.132329e+13  3.811236e+13  0.000000e+00  2.414324e+21  0.000000e+00  
 0.00869  3.240032e+13  4.427695e+13  0.000000e+00  2.414324e+21  0.000000e+00  
 0.00877  3.267946e+13  4.020414e+13  0.000000e+00  2.414324e+21  0.000000e+00  
 0.00885  3.409495e+13  7.098267e+13  0.000000e+00  2.414324e+21  0.000000e+00  
 0.00892  3.434787e+13  6.047202e+13  0.000000e+00  2.414324e+21  0.000000e+00  
 0.00900  3.510423e+13  6.892194e+13  0.000000e+00  2.414324e+21  0.000000e+00  
 0.00908  3.531399e+13  4.295753e+13  0.000000e+00  2.414324e+21  0.000000e+00  
 0.00916  3.529253e+13  6.347223e+13  0.000000e+00  2.414324e+21  0.000000e+00  
 0.00924  3.547217e+13  7.146407e+13  0.000000e+00  2.414324e+21  0.000000e+00  
 0.00932  3.640365e+13  8.182606e+13  0.000000e+00  2.414324e+21  0.000000e+00  
 0.00939  3.607109e+13  7.527393e+13  0.000000e+00  2.414324e+21  0.000000e+00  
 0.00947  3.576078e+13  7.717463e+13  0.000000e+00  2.414324e+21  0.000000e+00  
 0.00955  3.498762e+13  1.023961e+14  0.000000e+00  2.414324e+21  0.000000e+00  
 0.00963  3.526678e+13  6.365340e+13  0.000000e+00  2.414324e+21  0.000000e+00  
 0.00971  3.568286e+13  4.612647e+13  0.000000e+00  2.414324e+21  0.000000e+00  
 0.00978  3.644007e+13  3.844127e+13  0.000000e+00  2.414324e+21  0.000000e+00  
 0.00986  3.624703e+13  4.687393e+13  0.000000e+00  2.414324e+21  0.000000e+00  
 0.00994  3.590974e+13  4.639766e+13  0.000000e+00  2.414324e+21  0.000000e+00  
 0.01002  3.613967e+13  7.023296e+13  0.000000e+00  2.414324e+21  0.000000e+00  
 0.01010  3.717463e+13  8.098106e+13  0.000000e+00  2.414324e+21  0.000000e+00  
 0.01018  3.837473e+13  8.377899e+13  0.000000e+00  2.414324e+21  0.000000e+00  
 0.01025  3.769751e+13  6.722625e+13  0.000000e+00  2.414324e+21  0.000000e+00  
 0.01033  3.852402e+13  5.535594e+13  0.000000e+00  2.414324e+21  0.000000e+00  
 0.01041  3.889469e+13  5.112997e+13  0.000000e+00  2.414324e+21  0.000000e+00  
 0.01049  3.958079e+13  4.569866e+13  0.000000e+00  2.414324e+21  0.000000e+00  
 0.01057  4.000836e+13  8.561192e+13  0.000000e+00  2.414324e+21  0.000000e+00  
 0.01065  4.074805e+13  7.839546e+13  0.000000e+00  2.414324e+21  0.000000e+00  
 0.01072  4.119382e+13  8.894402e+13  0.000000e+00  2.414324e+21  0.000000e+00  
 0.01080  4.238116e+13  4.334665e+13  0.000000e+00  2.414324e+21  0.000000e+00  
 0.01088  4.085831e+13  7.776529e+13  0.000000e+00  2.414324e+21  0.000000e+00  
 0.01096  4.147893e+13  7.792318e+13  0.000000e+00  2.414324e+21  0.000000e+00  
 0.01104  4.202298e+13  9.304826e+13  0.000000e+00  2.414324e+21  0.000000e+00  
 0.01112  4.355898e+13  9.791303e+13  0.000000e+00  2.414324e+21  0.000000e+00  
 0.01119  4.349205e+13  7.401701e+13  0.000000e+00  2.414324e+21  0.000000e+00  
 0.01127  4.269915e+13  4.092073e+13  0.000000e+00  2.414324e+21  0.000000e+00  
 0.01135  4.368507e+13  8.379591e+13  0.000000e+00  2.414324e+21  0.000000e+00  
 0.01143  4.315164e+13  8.410308e+13  0.000000e+00  2.414324e+21  0.000000e+00  
 0.01151  4.308681e+13  1.022882e+14  0.000000e+00  2.414324e+21  0.000000e+00  
 0.01159  4.371775e+13  8.878015e+13  0.000000e+00  2.414324e+21  0.000000e+00  
 0.01166  4.377520e+13  1.050771e+14  0.000000e+00  2.414324e+21  0.000000e+00  
 0.01174  4.415621e+13  9.912330e+13  0.000000e+00  2.414324e+21  0.000000e+00  
 0.01182  4.450657e+13  8.231136e+13  0.000000e+00  2.414324e+21  0.000000e+00  
 0.01190  4.550200e+13  6.088514e+13  0.000000e+00  2.414324e+21  0.000000e+00  
 0.01198  4.553926e+13  3.191005e+13  0.000000e+00  2.414324e+21  0.000000e+00  
 0.01205  4.534911e+13  6.316971e+13  0.000000e+00  2.414324e+21  0.000000e+00  
 0.01213  4.584593e+13  4.987058e+13  0.000000e+00  2.414324e+21  0.000000e+00  
 0.01221  4.668891e+13  6.965372e+13  0.000000e+00  2.414324e+21  0.000000e+00  
 0.01229  4.766647e+13  6.808354e+13  0.000000e+00  2.414324e+21  0.000000e+00  
 0.01237  4.715396e+13  6.795020e+13  0.000000e+00  2.414324e+21  0.000000e+00  
 0.01245  4.751599e+13  6.826662e+13  0.000000e+00  2.414324e+21  0.000000e+00  
 0.01252  4.783487e+13  9.650709e+13  0.000000e+00  2.414324e+21  0.000000e+00  
 0.01260  4.832181e+13  9.241255e+13  0.000000e+00  2.414324e+21  0.000000e+00  
 0.01268  4.905176e+13  7.755301e+13  0.000000e+00  2.414324e+21  0.000000e+00  
 0.01276  4.980473e+13  3.755749e+13  0.000000e+00  2.414324e+21  0.000000e+00  
 0.01284  4.901424e+13  5.058458e+13  0.000000e+00  2.414324e+21  0.000000e+00  
 0.01292  4.999450e+13  7.408872e+13  0.000000e+00  2.414324e+21  0.000000e+00  
 0.01299  5.072455e+13  1.150098e+14  0.000000e+00  2.414324e+21  0.000000e+00  
 0.01307  5.120037e+13  8.953674e+13  0.000000e+00  2.414324e+21  0.000000e+00  
 0.01315  5.139920e+13  6.358762e+13  0.000000e+00  2.414324e+21  0.000000e+00  
 0.01323  5.089284e+13  5.686771e+13  0.000000e+00  2.414324e+21  0.000000e+00  
 0.01331  5.002434e+13  6.589186e+13  0.000000e+00  2.414324e+21  0.000000e+00  
 0.01339  5.053765e+13  8.731187e+13  0.000000e+00  2.414324e+21  0.000000e+00  
 0.01346  5.204422e+13  1.120010e+14  0.000000e+00  2.414324e+21  0.000000e+00  
 0.01354  5.142307e+13  7.643157e+13  0.000000e+00  2.414324e+21  0.000000e+00  
 0.01362  5.205567e+13  5.823774e+13  0.000000e+00  2.414324e+21  0.000000e+00  
 0.01370  5.320541e+13  6.993391e+13  0.000000e+00  2.414324e+21  0.000000e+00  
 0.01378  5.390231e+13  8.649642e+13  0.000000e+00  2.414324e+21  0.000000e+00  
 0.01386  5.376135e+13  6.997152e+13  0.000000e+00  2.414324e+21  0.000000e+00  
 0.01393  5.471428e+13  6.639183e+13  0.000000e+00  2.414324e+21  0.000000e+00  
 0.01401  5.555484e+13  7.838846e+13  0.000000e+00  2.414324e+21  0.000000e+00  
 0.01409  5.598267e+13  1.346279e+14  0.000000e+00  2.414324e+21  0.000000e+00  
 0.01417  5.618756e+13  7.450482e+13  0.000000e+00  2.414324e+21  0.000000e+00  
 0.01425  5.608441e+13  9.482969e+13  0.000000e+00  2.414324e+21  0.000000e+00  
 0.01432  5.673674e+13  6.884413e+13  0.000000e+00  2.414324e+21  0.000000e+00  
 0.01440  5.793333e+13  1.013012e+14  0.000000e+00  2.414324e+21  0.000000e+00  
 0.01448  5.716115e+13  6.695771e+13  0.000000e+00  2.414324e+21  0.000000e+00  
 0.01456  5.643396e+13  6.528319e+13  0.000000e+00  2.414324e+21  0.000000e+00  
 0.01464  5.687053e+13  6.529415e+13  0.000000e+00  2.414324e+21  0.000000e+00  
 0.01472  5.718546e+13  6.884694e+13  0.000000e+00  2.414324e+21  0.000000e+00  
 0.01479  5.869024e+13  6.322948e+13  0.000000e+00  2.414324e+21  0.000000e+00  
 0.01487  5.895348e+13  6.702690e+13  0.000000e+00  2.414324e+21  0.000000e+00  
 0.01495  5.906384e+13  5.673056e+13  0.000000e+00  2.414324e+21  0.000000e+00  
 0.01503  5.936264e+13  4.759154e+13  0.000000e+00  2.414324e+21  0.000000e+00  
 0.01511  5.906559e+13  5.492956e+13  0.000000e+00  2.414324e+21  0.000000e+00  
 0.01519  5.975785e+13  6.540855e+13  0.000000e+00  2.414324e+21  0.000000e+00  
 0.01526  6.024414e+13  7.727232e+13  0.000000e+00  2.414324e+21  0.000000e+00  
 0.01534  5.935149e+13  4.805799e+13  0.000000e+00  2.414324e+21  0.000000e+00  
 0.01542  5.958233e+13  6.907989e+13  0.000000e+00  2.414324e+21  0.000000e+00  
 0.01550  6.021112e+13  8.380014e+13  0.000000e+00  2.414324e+21  0.000000e+00  
 0.01558  5.997844e+13  5.380983e+13  0.000000e+00  2.414324e+21  0.000000e+00  
 0.01566  6.147185e+13  5.757128e+13  0.000000e+00  2.414324e+21  0.000000e+00  
 0.01573  6.160590e+13  8.957211e+13  0.000000e+00  2.414324e+21  0.000000e+00  
 0.01581  6.238236e+13  5.362754e+13  0.000000e+00  2.414324e+21  0.000000e+00  
 0.01589  6.157606e+13  8.021433e+13  0.000000e+00  2.414324e+21  0.000000e+00  
 0.01597  6.141960e+13  7.249507e+13  0.000000e+00  2.414324e+21  0.000000e+00  
 0.01605  6.195609e+13  7.524356e+13  0.000000e+00  2.414324e+21  0.000000e+00  
 0.01613  6.191087e+13  7.840988e+13  0.000000e+00  2.414324e+21  0.000000e+00  
 0.01620  6.362517e+13  7.066751e+13  0.000000e+00  2.414324e+21  0.000000e+00  
 0.01628  6.503295e+13  8.729729e+13  0.000000e+00  2.414324e+21  0.000000e+00  
 0.01636  6.551027e+13  6.310139e+13  0.000000e+00  2.414324e+21  0.000000e+00  
 0.01644  6.569577e+13  5.714944e+13  0.000000e+00  2.414324e+21  0.000000e+00  
 0.01652  6.579998e+13  9.918647e+13  0.000000e+00  2.414324e+21  0.000000e+00  
 0.01659  6.674375e+13  5.849802e+13  0.000000e+00  2.414324e+21  0.000000e+00  
 0.01667  6.823520e+13  7.212075e+13  0.000000e+00  2.414324e+21  0.000000e+00  
 0.01675  6.860014e+13  9.468610e+13  0.000000e+00  2.414324e+21  0.000000e+00  
 0.01683  6.772584e+13  8.038063e+13  0.000000e+00  2.414324e+21  0.000000e+00  
 0.01691  6.686684e+13  7.715345e+13  0.000000e+00  2.414324e+21  0.000000e+00  
 0.01699  6.655817e+13  9.031447e+13  0.000000e+00  2.414324e+21  0.000000e+00  
 0.01706  6.655902e+13  1.028418e+14  0.000000e+00  2.414324e+21  0.000000e+00  
 0.01714  6.733047e+13  7.139097e+13  0.000000e+00  2.414324e+21  0.000000e+00  
 0.01722  6.779710e+13  8.699367e+13  0.000000e+00  2.414324e+21  0.000000e+00  
 0.01730  6.800414e+13  7.085583e+13  0.000000e+00  2.414324e+21  0.000000e+00  
 0.01738  6.937132e+13  6.346539e+13  0.000000e+00  2.414324e+21  0.000000e+00  
 0.01746  6.963224e+13  7.455170e+13  0.000000e+00  2.414324e+21  0.000000e+00  
 0.01753  6.833764e+13  9.508938e+13  0.000000e+00  2.414324e+21  0.000000e+00  
 0.01761  7.016648e+13  7.214539e+13  0.000000e+00  2.414324e+21  0.000000e+00  
 0.01769  7.016005e+13  6.889682e+13  0.000000e+00  2.414324e+21  0.000000e+00  
 0.01777  6.975595e+13  7.317034e+13  0.000000e+00  2.414324e+21  0.000000e+00  
 0.01785  7.034359e+13  9.712526e+13  0.000000e+00  2.414324e+21  0.000000e+00  
 0.01793  7.003303e+13  7.551608e+13  0.000000e+00  2.414324e+21  0.000000e+00  
 0.01800  7.215046e+13  5.743547e+13  0.000000e+00  2.414324e+21  0.000000e+00  
 0.01808  7.271643e+13  6.699863e+13  0.000000e+00  2.414324e+21  0.000000e+00  
 0.01816  7.338976e+13  6.619290e+13  0.000000e+00  2.414324e+21  0.000000e+00  
 0.01824  7.264265e+13  6.527955e+13  0.000000e+00  2.414324e+21  0.000000e+00  
 0.01832  7.129758e+13  7.077253e+13  0.000000e+00  2.414324e+21  0.000000e+00  
 0.01840  7.209839e+13  8.135236e+13  0.000000e+00  2.414324e+21  0.000000e+00  
 0.01847  7.365638e+13  8.942291e+13  0.000000e+00  2.414324e+21  0.000000e+00  
 0.01855  7.423713e+13  9.233085e+13  0.000000e+00  2.414324e+21  0.000000e+00  
 0.01863  7.521687e+13  7.253702e+13  0.000000e+00  2.414324e+21  0.000000e+00  
 0.01871  7.492638e+13  8.018650e+13  0.000000e+00  2.414324e+21  0.000000e+00  
 0.01879  7.453878e+13  5.117098e+13  0.000000e+00  2.414324e+21  0.000000e+00  
 0.01886  7.419220e+13  7.815889e+13  0.000000e+00  2.414324e+21  0.000000e+00  
 0.01894  7.432842e+13  7.249559e+13  0.000000e+00  2.414324e+21  0.000000e+00  
 0.01902  7.368172e+13  5.454777e+13  0.000000e+00  2.414324e+21  0.000000e+00  
 0.01910  7.538212e+13  7.532105e+13  0.000000e+00  2.414324e+21  0.000000e+00  
 0.01918  7.507873e+13  9.118602e+13  0.000000e+00  2.414324e+21  0.000000e+00  
 0.01926  7.515688e+13  7.371016e+13  0.000000e+00  2.414324e+21  0.000000e+00  
 0.01933  7.537592e+13  4.768972e+13  0.000000e+00  2.414324e+21  0.000000e+00  
 0.01941  7.552867e+13  7.609716e+13  0.000000e+00  2.414324e+21  0.000000e+00  
 0.01949  7.494479e+13  6.946591e+13  0.000000e+00  2.414324e+21  0.000000e+00  
 0.01957  7.446450e+13  5.839787e+13  0.000000e+00  2.414324e+21  0.000000e+00  
 0.01965  7.616254e+13  6.610796e+13  0.000000e+00  2.414324e+21  0.000000e+00  
 0.01973  7.665097e+13  1.037255e+14  0.000000e+00  2.414324e+21  0.000000e+00  
 0.01980  7.577324e+13  1.263258e+14  0.000000e+00  2.414324e+21  0.000000e+00  
 0.01988  7.646017e+13  1.010084e+14  0.000000e+00  2.414324e+21  0.000000e+00  
 0.01996  7.835473e+13  8.948273e+13  0.000000e+00  2.414324e+21  0.000000e+00  
 0.02004  7.757704e+13  8.214287e+13  0.000000e+00  2.414324e+21  0.000000e+00  
 0.02012  7.772853e+13  1.212937e+14  0.000000e+00  2.414324e+21  0.000000e+00  
 0.02020  7.717704e+13  1.079408e+14  0.000000e+00  2.414324e+21  0.000000e+00  
 0.02027  7.801899e+13  1.007156e+14  0.000000e+00  2.414324e+21  0.000000e+00  
 0.02035  7.923465e+13  9.510083e+13  0.000000e+00  2.414324e+21  0.000000e+00  
 0.02043  7.848714e+13  9.088947e+13  0.000000e+00  2.414324e+21  0.000000e+00  
 0.02051  7.799207e+13  9.464141e+13  0.000000e+00  2.414324e+21  0.000000e+00  
 0.02059  7.799862e+13  8.021786e+13  0.000000e+00  2.414324e+21  0.000000e+00  
 0.02067  7.991074e+13  9.094709e+13  0.000000e+00  2.414324e+21  0.000000e+00  
 0.02074  7.938118e+13  8.745944e+13  0.000000e+00  2.414324e+21  0.000000e+00  
 0.02082  7.831265e+13  6.140121e+13  0.000000e+00  2.414324e+21  0.000000e+00  
 0.02090  7.604412e+13  5.441370e+13  0.000000e+00  2.414324e+21  0.000000e+00  
 0.02098  7.614478e+13  9.724454e+13  0.000000e+00  2.414324e+21  0.000000e+00  
 0.02106  7.551478e+13  1.001280e+14  0.000000e+00  2.414324e+21  0.000000e+00  
 0.02114  7.579922e+13  1.029221e+14  0.000000e+00  2.414324e+21  0.000000e+00  
 0.02121  7.623764e+13  9.002803e+13  0.000000e+00  2.414324e+21  0.000000e+00  
 0.02129  7.530429e+13  7.374322e+13  0.000000e+00  2.414324e+21  0.000000e+00  
 0.02137  7.590821e+13  7.285310e+13  0.000000e+00  2.414324e+21  0.000000e+00  
 0.02145  7.603707e+13  1.017449e+14  0.000000e+00  2.414324e+21  0.000000e+00  
 0.02153  7.576979e+13  7.312095e+13  0.000000e+00  2.414324e+21  0.000000e+00  
 0.02160  7.481085e+13  9.581501e+13  0.000000e+00  2.414324e+21  0.000000e+00  
 0.02168  7.393801e+13  7.800614e+13  0.000000e+00  2.414324e+21  0.000000e+00  
 0.02176  7.498858e+13  4.294477e+13  0.000000e+00  2.414324e+21  0.000000e+00  
 0.02184  7.436016e+13  5.301034e+13  0.000000e+00  2.414324e+21  0.000000e+00  
 0.02192  7.521490e+13  8.255778e+13  0.000000e+00  2.414324e+21  0.000000e+00  
 0.02200  7.632918e+13  8.155898e+13  0.000000e+00  2.414324e+21  0.000000e+00  
 0.02207  7.650206e+13  6.841308e+13  0.000000e+00  2.414324e+21  0.000000e+00  
 0.02215  7.576797e+13  8.634183e+13  0.000000e+00  2.414324e+21  0.000000e+00  
 0.02223  7.608133e+13  7.954909e+13  0.000000e+00  2.414324e+21  0.000000e+00  
 0.02231  7.657166e+13  7.407394e+13  0.000000e+00  2.414324e+21  0.000000e+00  
 0.02239  7.661668e+13  7.917859e+13  0.000000e+00  2.414324e+21  0.000000e+00  
 0.02247  7.518036e+13  7.662049e+13  0.000000e+00  2.414324e+21  0.000000e+00  
 0.02254  7.500983e+13  9.104729e+13  0.000000e+00  2.414324e+21  0.000000e+00  
 0.02262  7.649690e+13  7.406801e+13  0.000000e+00  2.414324e+21  0.000000e+00  
 0.02270  7.706194e+13  5.931525e+13  0.000000e+00  2.414324e+21  0.000000e+00  
 0.02278  7.730027e+13  8.103572e+13  0.000000e+00  2.414324e+21  0.000000e+00  
 0.02286  7.673839e+13  1.128236e+14  0.000000e+00  2.414324e+21  0.000000e+00  
 0.02294  7.496086e+13  8.307156e+13  0.000000e+00  2.414324e+21  0.000000e+00  
 0.02301  7.472122e+13  9.215356e+13  0.000000e+00  2.414324e+21  0.000000e+00  
 0.02309  7.398280e+13  9.709497e+13  0.000000e+00  2.414324e+21  0.000000e+00  
 0.02317  7.389421e+13  6.983751e+13  0.000000e+00  2.414324e+21  0.000000e+00  
 0.02325  7.444226e+13  6.943391e+13  0.000000e+00  2.414324e+21  0.000000e+00  
 0.02333  7.433665e+13  7.290498e+13  0.000000e+00  2.414324e+21  0.000000e+00  
 0.02341  7.458231e+13  8.328081e+13  0.000000e+00  2.414324e+21  0.000000e+00  
 0.02348  7.344181e+13  6.757096e+13  0.000000e+00  2.414324e+21  0.000000e+00  
 0.02356  7.237978e+13  6.232831e+13  0.000000e+00  2.414324e+21  0.000000e+00  
 0.02364  7.356406e+13  8.142682e+13  0.000000e+00  2.414324e+21  0.000000e+00  
 0.02372  7.453604e+13  8.286636e+13  0.000000e+00  2.414324e+21  0.000000e+00  
 0.02380  7.385581e+13  1.016614e+14  0.000000e+00  2.414324e+21  0.000000e+00  
 0.02387  7.256598e+13  9.377544e+13  0.000000e+00  2.414324e+21  0.000000e+00  
 0.02395  7.282357e+13  9.388854e+13  0.000000e+00  2.414324e+21  0.000000e+00  
 0.02403  7.224724e+13  4.653261e+13  0.000000e+00  2.414324e+21  0.000000e+00  
 0.02411  7.374568e+13  5.591544e+13  0.000000e+00  2.414324e+21  0.000000e+00  
 0.02419  7.401181e+13  4.354415e+13  0.000000e+00  2.414324e+21  0.000000e+00  
 0.02427  7.402547e+13  6.359795e+13  0.000000e+00  2.414324e+21  0.000000e+00  
 0.02434  7.433333e+13  7.106340e+13  0.000000e+00  2.414324e+21  0.000000e+00  
 0.02442  7.381528e+13  9.505637e+13  0.000000e+00  2.414324e+21  0.000000e+00  
 0.02450  7.266763e+13  8.701804e+13  0.000000e+00  2.414324e+21  0.000000e+00  
 0.02458  7.213762e+13  7.668722e+13  0.000000e+00  2.414324e+21  0.000000e+00  
 0.02466  7.224906e+13  8.497091e+13  0.000000e+00  2.414324e+21  0.000000e+00  
 0.02474  7.241739e+13  1.017276e+14  0.000000e+00  2.414324e+21  0.000000e+00  
 0.02481  7.121799e+13  7.911222e+13  0.000000e+00  2.414324e+21  0.000000e+00  
 0.02489  6.967813e+13  6.030819e+13  0.000000e+00  2.414324e+21  0.000000e+00  
 0.02497  7.063821e+13  5.421586e+13  0.000000e+00  2.414324e+21  0.000000e+00  
 0.02505  7.042021e+13  5.054615e+13  0.000000e+00  2.414324e+21  0.000000e+00  
 0.02513  7.048573e+13  7.904724e+13  0.000000e+00  2.414324e+21  0.000000e+00  
 0.02521  7.179764e+13  9.934190e+13  0.000000e+00  2.414324e+21  0.000000e+00  
 0.02528  7.102240e+13  1.031846e+14  0.000000e+00  2.414324e+21  0.000000e+00  
 0.02536  6.975043e+13  9.198832e+13  0.000000e+00  2.414324e+21  0.000000e+00  
 0.02544  7.044634e+13  1.118604e+14  0.000000e+00  2.414324e+21  0.000000e+00  
 0.02552  6.977536e+13  8.704919e+13  0.000000e+00  2.414324e+21  0.000000e+00  
 0.02560  6.853659e+13  1.106956e+14  0.000000e+00  2.414324e+21  0.000000e+00  
 0.02568  6.726078e+13  7.983380e+13  0.000000e+00  2.414324e+21  0.000000e+00  
 0.02575  6.837679e+13  5.307914e+13  0.000000e+00  2.414324e+21  0.000000e+00  
 0.02583  6.891711e+13  6.319676e+13  0.000000e+00  2.414324e+21  0.000000e+00  
 0.02591  6.825852e+13  6.072149e+13  0.000000e+00  2.414324e+21  0.000000e+00  
 0.02599  6.742699e+13  6.889796e+13  0.000000e+00  2.414324e+21  0.000000e+00  
 0.02607  6.758021e+13  4.384270e+13  0.000000e+00  2.414324e+21  0.000000e+00  
 0.02614  6.569583e+13  6.979268e+13  0.000000e+00  2.414324e+21  0.000000e+00  
 0.02622  6.496997e+13  1.001477e+14  0.000000e+00  2.414324e+21  0.000000e+00  
 0.02630  6.382148e+13  5.186096e+13  0.000000e+00  2.414324e+21  0.000000e+00  
 0.02638  6.387946e+13  4.567083e+13  0.000000e+00  2.414324e+21  0.000000e+00  
 0.02646  6.408377e+13  5.034444e+13  0.000000e+00  2.414324e+21  0.000000e+00  
 0.02654  6.288034e+13  6.339366e+13  0.000000e+00  2.414324e+21  0.000000e+00  
 0.02661  6.278500e+13  5.495199e+13  0.000000e+00  2.414324e+21  0.000000e+00  
 0.02669  6.276078e+13  7.800185e+13  0.000000e+00  2.414324e+21  0.000000e+00  
 0.02677  6.239722e+13  9.092224e+13  0.000000e+00  2.414324e+21  0.000000e+00  
 0.02685  6.203158e+13  9.965875e+13  0.000000e+00  2.414324e+21  0.000000e+00  
 0.02693  6.184628e+13  9.554205e+13  0.000000e+00  2.414324e+21  0.000000e+00  
 0.02701  6.024507e+13  6.448196e+13  0.000000e+00  2.414324e+21  0.000000e+00  
 0.02708  5.993703e+13  7.641877e+13  0.000000e+00  2.414324e+21  0.000000e+00  
 0.02716  5.984802e+13  4.439726e+13  0.000000e+00  2.414324e+21  0.000000e+00  
 0.02724  5.978891e+13  5.135480e+13  0.000000e+00  2.414324e+21  0.000000e+00  
 0.02732  5.967924e+13  6.664818e+13  0.000000e+00  2.414324e+21  0.000000e+00  
 0.02740  5.955810e+13  8.453185e+13  0.000000e+00  2.414324e+21  0.000000e+00  
 0.02748  5.944285e+13  8.899777e+13  0.000000e+00  2.414324e+21  0.000000e+00  
 0.02755  5.920657e+13  1.082962e+14  0.000000e+00  2.414324e+21  0.000000e+00  
 0.02763  5.705378e+13  7.726271e+13  0.000000e+00  2.414324e+21  0.000000e+00  
 0.02771  5.687736e+13  4.717036e+13  0.000000e+00  2.414324e+21  0.000000e+00  
 0.02779  5.732419e+13  6.470630e+13  0.000000e+00  2.414324e+21  0.000000e+00  
 0.02787  5.751083e+13  7.205852e+13  0.000000e+00  2.414324e+21  0.000000e+00  
 0.02795  5.623674e+13  5.452533e+13  0.000000e+00  2.414324e+21  0.000000e+00  
 0.02802  5.530571e+13  9.878089e+13  0.000000e+00  2.414324e+21  0.000000e+00  
 0.02810  5.602275e+13  7.455701e+13  0.000000e+00  2.414324e+21  0.000000e+00  
 0.02818  5.527450e+13  4.934392e+13  0.000000e+00  2.414324e+21  0.000000e+00  
 0.02826  5.470362e+13  2.141091e+13  0.000000e+00  2.414324e+21  0.000000e+00  
 0.02834  5.508567e+13  5.463630e+13  0.000000e+00  2.414324e+21  0.000000e+00  
 0.02841  5.440044e+13  8.636768e+13  0.000000e+00  2.414324e+21  0.000000e+00  
 0.02849  5.391942e+13  1.200985e+14  0.000000e+00  2.414324e+21  0.000000e+00  
 0.02857  5.381375e+13  8.020136e+13  0.000000e+00  2.414324e+21  0.000000e+00  
 0.02865  5.432024e+13  1.083734e+14  0.000000e+00  2.414324e+21  0.000000e+00  
 0.02873  5.356096e+13  7.594547e+13  0.000000e+00  2.414324e+21  0.000000e+00  
 0.02881  5.223965e+13  7.060373e+13  0.000000e+00  2.414324e+21  0.000000e+00  
 0.02888  5.068264e+13  6.997055e+13  0.000000e+00  2.414324e+21  0.000000e+00  
 0.02896  5.058090e+13  7.252043e+13  0.000000e+00  2.414324e+21  0.000000e+00  
 0.02904  5.048783e+13  5.032578e+13  0.000000e+00  2.414324e+21  0.000000e+00  
 0.02912  4.921944e+13  8.531482e+13  0.000000e+00  2.414324e+21  0.000000e+00  
 0.02920  4.917425e+13  1.144757e+14  0.000000e+00  2.414324e+21  0.000000e+00  
 0.02928  4.965150e+13  7.299400e+13  0.000000e+00  2.414324e+21  0.000000e+00  
 0.02935  4.994069e+13  4.489490e+13  0.000000e+00  2.414324e+21  0.000000e+00  
 0.02943  4.935818e+13  9.452885e+13  0.000000e+00  2.414324e+21  0.000000e+00  
 0.02951  4.902270e+13  9.423244e+13  0.000000e+00  2.414324e+21  0.000000e+00  
 0.02959  4.890151e+13  8.156272e+13  0.000000e+00  2.414324e+21  0.000000e+00  
 0.02967  4.794363e+13  1.012587e+14  0.000000e+00  2.414324e+21  0.000000e+00  
 0.02975  4.593557e+13  9.936463e+13  0.000000e+00  2.414324e+21  0.000000e+00  
 0.02982  4.554771e+13  3.681770e+13  0.000000e+00  2.414324e+21  0.000000e+00  
 0.02990  4.608682e+13  5.446514e+13  0.000000e+00  2.414324e+21  0.000000e+00  
 0.02998  4.520789e+13  6.939268e+13  0.000000e+00  2.414324e+21  0.000000e+00  
 0.03006  4.437192e+13  3.647129e+13  0.000000e+00  2.414324e+21  0.000000e+00  
 0.03014  4.480824e+13  7.079947e+13  0.000000e+00  2.414324e+21  0.000000e+00  
 0.03022  4.504930e+13  9.491238e+13  0.000000e+00  2.414324e+21  0.000000e+00  
 0.03029  4.519308e+13  6.658833e+13  0.000000e+00  2.414324e+21  0.000000e+00  
 0.03037  4.477135e+13  6.409537e+13  0.000000e+00  2.414324e+21  0.000000e+00  
 0.03045  4.466193e+13  4.201844e+13  0.000000e+00  2.414324e+21  0.000000e+00  
 0.03053  4.389316e+13  3.654789e+13  0.000000e+00  2.414324e+21  0.000000e+00  
 0.03061  4.432380e+13  6.209277e+13  0.000000e+00  2.414324e+21  0.000000e+00  
 0.03068  4.327776e+13  5.804263e+13  0.000000e+00  2.414324e+21  0.000000e+00  
 0.03076  4.240794e+13  4.869418e+13  0.000000e+00  2.414324e+21  0.000000e+00  
 0.03084  4.314741e+13  4.352688e+13  0.000000e+00  2.414324e+21  0.000000e+00  
 0.03092  4.295857e+13  7.398883e+13  0.000000e+00  2.414324e+21  0.000000e+00  
 0.03100  4.094265e+13  4.006117e+13  0.000000e+00  2.414324e+21  0.000000e+00  
 0.03108  4.126905e+13  1.119968e+14  0.000000e+00  2.414324e+21  0.000000e+00  
 0.03115  4.107042e+13  1.053979e+14  0.000000e+00  2.414324e+21  0.000000e+00  
 0.03123  4.093124e+13  9.882199e+13  0.000000e+00  2.414324e+21  0.000000e+00  
 0.03131  4.088653e+13  6.730723e+13  0.000000e+00  2.414324e+21  0.000000e+00  
 0.03139  3.957456e+13  5.443449e+13  0.000000e+00  2.414324e+21  0.000000e+00  
 0.03147  3.919952e+13  6.822225e+13  0.000000e+00  2.414324e+21  0.000000e+00  
 0.03155  3.785957e+13  5.107906e+13  0.000000e+00  2.414324e+21  0.000000e+00  
 0.03162  3.710026e+13  5.448708e+13  0.000000e+00  2.414324e+21  0.000000e+00  
 0.03170  3.738984e+13  7.397479e+13  0.000000e+00  2.414324e+21  0.000000e+00  
 0.03178  3.667233e+13  7.491483e+13  0.000000e+00  2.414324e+21  0.000000e+00  
 0.03186  3.646579e+13  7.500793e+13  0.000000e+00  2.414324e+21  0.000000e+00  
 0.03194  3.557129e+13  4.789553e+13  0.000000e+00  2.414324e+21  0.000000e+00  
 0.03202  3.568240e+13  6.250373e+13  0.000000e+00  2.414324e+21  0.000000e+00  
 0.03209  3.550689e+13  4.987266e+13  0.000000e+00  2.414324e+21  0.000000e+00  
 0.03217  3.570839e+13  3.172852e+13  0.000000e+00  2.414324e+21  0.000000e+00  
 0.03225  3.576313e+13  6.253586e+13  0.000000e+00  2.414324e+21  0.000000e+00  
 0.03233  3.477813e+13  7.585405e+13  0.000000e+00  2.414324e+21  0.000000e+00  
 0.03241  3.441883e+13  5.763099e+13  0.000000e+00  2.414324e+21  0.000000e+00  
 0.03249  3.383080e+13  3.812338e+13  0.000000e+00  2.414324e+21  0.000000e+00  
 0.03256  3.283565e+13  5.040103e+13  0.000000e+00  2.414324e+21  0.000000e+00  
 0.03264  3.213328e+13  4.713763e+13  0.000000e+00  2.414324e+21  0.000000e+00  
 0.03272  3.274207e+13  3.019615e+13  0.000000e+00  2.414324e+21  0.000000e+00  
 0.03280  3.332789e+13  4.042210e+13  0.000000e+00  2.414324e+21  0.000000e+00  
 0.03288  3.229972e+13  5.220543e+13  0.000000e+00  2.414324e+21  0.000000e+00  
 0.03295  3.184224e+13  4.086971e+13  0.000000e+00  2.414324e+21  0.000000e+00  
 0.03303  3.131052e+13  5.430583e+13  0.000000e+00  2.414324e+21  0.000000e+00  
 0.03311  3.187614e+13  6.145422e+13  0.000000e+00  2.414324e+21  0.000000e+00  
 0.03319  3.187723e+13  5.114597e+13  0.000000e+00  2.414324e+21  0.000000e+00  
 0.03327  3.185912e+13  5.909364e+13  0.000000e+00  2.414324e+21  0.000000e+00  
 0.03335  3.147772e+13  6.263736e+13  0.000000e+00  2.414324e+21  0.000000e+00  
 0.03342  3.206598e+13  5.108400e+13  0.000000e+00  2.414324e+21  0.000000e+00  
 0.03350  3.129006e+13  7.212260e+13  0.000000e+00  2.414324e+21  0.000000e+00  
 0.03358  3.086482e+13  4.238339e+13  0.000000e+00  2.414324e+21  0.000000e+00  
 0.03366  3.056498e+13  6.434148e+13  0.000000e+00  2.414324e+21  0.000000e+00  
 0.03374  3.070251e+13  6.098069e+13  0.000000e+00  2.414324e+21  0.000000e+00  
 0.03382  3.048470e+13  4.561168e+13  0.000000e+00  2.414324e+21  0.000000e+00  
 0.03389  3.055451e+13  7.154311e+13  0.000000e+00  2.414324e+21  0.000000e+00  
 0.03397  3.047772e+13  3.937688e+13  0.000000e+00  2.414324e+21  0.000000e+00  
 0.03405  2.974454e+13  6.680728e+13  0.000000e+00  2.414324e+21  0.000000e+00  
 0.03413  3.000738e+13  5.931167e+13  0.000000e+00  2.414324e+21  0.000000e+00  
 0.03421  2.965830e+13  5.939108e+13  0.000000e+00  2.414324e+21  0.000000e+00  
 0.03429  2.998969e+13  4.877242e+13  0.000000e+00  2.414324e+21  0.000000e+00  
 0.03436  2.953331e+13  4.164065e+13  0.000000e+00  2.414324e+21  0.000000e+00  
 0.03444  2.872929e+13  8.698321e+13  0.000000e+00  2.414324e+21  0.000000e+00  
 0.03452  2.851187e+13  5.423436e+13  0.000000e+00  2.414324e+21  0.000000e+00  
 0.03460  2.808653e+13  7.081319e+13  0.000000e+00  2.414324e+21  0.000000e+00  
 0.03468  2.780121e+13  5.350568e+13  0.000000e+00  2.414324e+21  0.000000e+00  
 0.03476  2.697214e+13  3.789650e+13  0.000000e+00  2.414324e+21  0.000000e+00  
 0.03483  2.714949e+13  2.506968e+13  0.000000e+00  2.414324e+21  0.000000e+00  
 0.03491  2.764837e+13  6.027033e+13  0.000000e+00  2.414324e+21  0.000000e+00  
 0.03499  2.708977e+13  5.407338e+13  0.000000e+00  2.414324e+21  0.000000e+00  
 0.03507  2.574141e+13  4.945631e+13  0.000000e+00  2.414324e+21  0.000000e+00  
 0.03515  2.526518e+13  5.593280e+13  0.000000e+00  2.414324e+21  0.000000e+00  
 0.03523  2.507113e+13  7.253585e+13  0.000000e+00  2.414324e+21  0.000000e+00  
 0.03530  2.518077e+13  5.712373e+13  0.000000e+00  2.414324e+21  0.000000e+00  
 0.03538  2.467453e+13  6.036233e+13  0.000000e+00  2.414324e+21  0.000000e+00  
 0.03546  2.501021e+13  3.050235e+13  0.000000e+00  2.414324e+21  0.000000e+00  
 0.03554  2.436091e+13  4.771348e+13  0.000000e+00  2.414324e+21  0.000000e+00  
 0.03562  2.382096e+13  5.800396e+13  0.000000e+00  2.414324e+21  0.000000e+00  
 0.03569  2.350098e+13  5.266834e+13  0.000000e+00  2.414324e+21  0.000000e+00  
 0.03577  2.273070e+13  4.095652e+13  0.000000e+00  2.414324e+21  0.000000e+00  
 0.03585  2.265627e+13  2.495616e+13  0.000000e+00  2.414324e+21  0.000000e+00  
 0.03593  2.238252e+13  6.401167e+13  0.000000e+00  2.414324e+21  0.000000e+00  
 0.03601  2.182244e+13  4.535460e+13  0.000000e+00  2.414324e+21  0.000000e+00  
 0.03609  2.213484e+13  3.002673e+13  0.000000e+00  2.414324e+21  0.000000e+00  
 0.03616  2.190255e+13  4.357507e+13  0.000000e+00  2.414324e+21  0.000000e+00  
 0.03624  2.162913e+13  8.126066e+13  0.000000e+00  2.414324e+21  0.000000e+00  
 0.03632  2.089380e+13  6.232388e+13  0.000000e+00  2.414324e+21  0.000000e+00  
 0.03640  2.052251e+13  5.013256e+13  0.000000e+00  2.414324e+21  0.000000e+00  
 0.03648  1.996815e+13  2.994805e+13  0.000000e+00  2.414324e+21  0.000000e+00  
 0.03656  1.948046e+13  3.037940e+13  0.000000e+00  2.414324e+21  0.000000e+00  
 0.03663  1.985530e+13  3.947614e+13  0.000000e+00  2.414324e+21  0.000000e+00  
 0.03671  1.965515e+13  5.324504e+13  0.000000e+00  2.414324e+21  0.000000e+00  
 0.03679  2.007916e+13  4.363029e+13  0.000000e+00  2.414324e+21  0.000000e+00  
 0.03687  2.020001e+13  3.774851e+13  0.000000e+00  2.414324e+21  0.000000e+00  
 0.03695  1.976550e+13  7.092618e+13  0.000000e+00  2.414324e+21  0.000000e+00  
 0.03703  1.895712e+13  5.012987e+13  0.000000e+00  2.414324e+21  0.000000e+00  
 0.03710  1.831343e+13  4.008950e+13  0.000000e+00  2.414324e+21  0.000000e+00  
 0.03718  1.780787e+13  4.582945e+13  0.000000e+00  2.414324e+21  0.000000e+00  
 0.03726  1.755950e+13  6.798632e+13  0.000000e+00  2.414324e+21  0.000000e+00  
 0.03734  1.758187e+13  6.166124e+13  0.000000e+00  2.414324e+21  0.000000e+00  
 0.03742  1.727894e+13  4.136618e+13  0.000000e+00  2.414324e+21  0.000000e+00  
 0.03750  1.711901e+13  3.911504e+13  0.000000e+00  2.414324e+21  0.000000e+00  
 0.03757  1.666908e+13  6.064316e+13  0.000000e+00  2.414324e+21  0.000000e+00  
 0.03765  1.635005e+13  5.534844e+13  0.000000e+00  2.414324e+21  0.000000e+00  
 0.03773  1.612138e+13  3.446126e+13  0.000000e+00  2.414324e+21  0.000000e+00  
 0.03781  1.647822e+13  3.221415e+13  0.000000e+00  2.414324e+21  0.000000e+00  
 0.03789  1.601383e+13  5.472529e+13  0.000000e+00  2.414324e+21  0.000000e+00  
 0.03796  1.501745e+13  4.161150e+13  0.000000e+00  2.414324e+21  0.000000e+00  
 0.03804  1.440677e+13  3.653149e+13  0.000000e+00  2.414324e+21  0.000000e+00  
 0.03812  1.404388e+13  5.872006e+13  0.000000e+00  2.414324e+21  0.000000e+00  
 0.03820  1.337833e+13  5.268304e+13  0.000000e+00  2.414324e+21  0.000000e+00  
 0.03828  1.318059e+13  3.390599e+13  0.000000e+00  2.414324e+21  0.000000e+00  
 0.03836  1.357431e+13  2.998658e+13  0.000000e+00  2.414324e+21  0.000000e+00  
 0.03843  1.347619e+13  3.751010e+13  0.000000e+00  2.414324e+21  0.000000e+00  
 0.03851  1.284152e+13  5.098955e+13  0.000000e+00  2.414324e+21  0.000000e+00  
 0.03859  1.265993e+13  3.802919e+13  0.000000e+00  2.414324e+21  0.000000e+00  
 0.03867  1.241073e+13  3.858916e+13  0.000000e+00  2.414324e+21  0.000000e+00  
 0.03875  1.181935e+13  2.332367e+13  0.000000e+00  2.414324e+21  0.000000e+00  
 0.03883  1.103272e+13  3.984667e+13  0.000000e+00  2.414324e+21  0.000000e+00  
 0.03890  1.137072e+13  4.606695e+13  0.000000e+00  2.414324e+21  0.000000e+00  
 0.03898  1.156864e+13  3.982385e+13  0.000000e+00  2.414324e+21  0.000000e+00  
 0.03906  1.108508e+13  5.837952e+13  0.000000e+00  2.414324e+21  0.000000e+00  
 0.03914  1.045616e+13  2.746618e+13  0.000000e+00  2.414324e+21  0.000000e+00  
 0.03922  9.863076e+12  3.963689e+13  0.000000e+00  2.414324e+21  0.000000e+00  
 0.03930  9.437940e+12  4.909854e+13  0.000000e+00  2.414324e+21  0.000000e+00  
 0.03937  9.447564e+12  3.188669e+13  0.000000e+00  2.414324e+21  0.000000e+00  
 0.03945  8.829155e+12  2.795740e+13  0.000000e+00  2.414324e+21  0.000000e+00  
 0.03953  8.975659e+12  5.150325e+13  0.000000e+00  2.414324e+21  0.000000e+00  
 0.03961  8.539665e+12  5.260984e+13  0.000000e+00  2.414324e+21  0.000000e+00  
 0.03969  7.967645e+12  4.205184e+13  0.000000e+00  2.414324e+21  0.000000e+00  
 0.03977  7.769166e+12  2.922150e+13  0.000000e+00  2.414324e+21  0.000000e+00  
 0.03984  7.368115e+12  2.681394e+13  0.000000e+00  2.414324e+21  0.000000e+00  
 0.03992  6.612515e+12  3.034316e+13  0.000000e+00  2.414324e+21  0.000000e+00  
 0.04000  6.002802e+12  6.082604e+13  0.000000e+00  2.414324e+21  0.000000e+00  
