2.500000e-02  2.759611e-01
7.500000e-02  2.529589e-01
1.250000e-01  2.622837e-01
1.750000e-01  2.606946e-01
2.250000e-01  2.440598e-01
2.750000e-01  2.623001e-01
3.250000e-01  2.580521e-01
3.750000e-01  2.440164e-01
4.250000e-01  2.407070e-01
4.750000e-01  2.332934e-01
5.250000e-01  2.232425e-01
5.750000e-01  2.243188e-01
6.250000e-01  2.329697e-01
6.750000e-01  2.201346e-01
7.250000e-01  2.130414e-01
7.750000e-01  2.137508e-01
8.250000e-01  2.053608e-01
8.750000e-01  2.021267e-01
9.250000e-01  2.022926e-01
9.750000e-01  1.992217e-01
1.025000e+00  1.970468e-01
1.075000e+00  1.892625e-01
1.125000e+00  1.804243e-01
1.175000e+00  1.736608e-01
1.225000e+00  1.698134e-01
1.275000e+00  1.691233e-01
1.325000e+00  1.636918e-01
1.375000e+00  1.605002e-01
1.425000e+00  1.565697e-01
1.475000e+00  1.548713e-01
1.525000e+00  1.509298e-01
1.575000e+00  1.475168e-01
1.625000e+00  1.408984e-01
1.675000e+00  1.382406e-01
1.725000e+00  1.363376e-01
1.775000e+00  1.320342e-01
1.825000e+00  1.241866e-01
1.875000e+00  1.241075e-01
1.925000e+00  1.217679e-01
1.975000e+00  1.195352e-01
2.025000e+00  1.163223e-01
2.075000e+00  1.122115e-01
2.125000e+00  1.129032e-01
2.175000e+00  1.069803e-01
2.225000e+00  1.037221e-01
2.275000e+00  1.017688e-01
2.325000e+00  9.899987e-02
2.375000e+00  9.624684e-02
2.425000e+00  9.290947e-02
2.475000e+00  9.135010e-02
2.525000e+00  9.064248e-02
2.575000e+00  8.577689e-02
2.625000e+00  8.496419e-02
2.675000e+00  8.163039e-02
2.725000e+00  7.879983e-02
2.775000e+00  7.728101e-02
2.825000e+00  7.592298e-02
2.875000e+00  7.333220e-02
2.925000e+00  7.067299e-02
2.975000e+00  6.934201e-02
3.025000e+00  6.792120e-02
3.075000e+00  6.702320e-02
3.125000e+00  6.546451e-02
3.175000e+00  6.426354e-02
3.225000e+00  6.176011e-02
3.275000e+00  5.953673e-02
3.325000e+00  5.924488e-02
3.375000e+00  5.862636e-02
3.425000e+00  5.649184e-02
3.475000e+00  5.494838e-02
3.525000e+00  5.485495e-02
3.575000e+00  5.389681e-02
3.625000e+00  5.310683e-02
3.675000e+00  5.172897e-02
3.725000e+00  5.108153e-02
3.775000e+00  4.863139e-02
3.825000e+00  4.744476e-02
3.875000e+00  4.650537e-02
3.925000e+00  4.595343e-02
3.975000e+00  4.446812e-02
4.025000e+00  4.321528e-02
4.075000e+00  4.252798e-02
4.125000e+00  4.196042e-02
4.175000e+00  4.097564e-02
4.225000e+00  4.154387e-02
4.275000e+00  4.067831e-02
4.325000e+00  3.919739e-02
4.375000e+00  3.947465e-02
4.425000e+00  3.851594e-02
4.475000e+00  3.739395e-02
4.525000e+00  3.663723e-02
4.575000e+00  3.634816e-02
4.625000e+00  3.625364e-02
4.675000e+00  3.476904e-02
4.725000e+00  3.429778e-02
4.775000e+00  3.361545e-02
4.825000e+00  3.315878e-02
4.875000e+00  3.258029e-02
4.925000e+00  3.213040e-02
4.975000e+00  3.181349e-02
5.025000e+00  3.101774e-02
5.075000e+00  3.069407e-02
5.125000e+00  3.008179e-02
5.175000e+00  2.944450e-02
5.225000e+00  2.857586e-02
5.275000e+00  2.777072e-02
5.325000e+00  2.746187e-02
5.375000e+00  2.728399e-02
5.425000e+00  2.696225e-02
5.475000e+00  2.689619e-02
5.525000e+00  2.684741e-02
5.575000e+00  2.664281e-02
5.625000e+00  2.634483e-02
5.675000e+00  2.576590e-02
5.725000e+00  2.527340e-02
5.775000e+00  2.491376e-02
5.825000e+00  2.513900e-02
5.875000e+00  2.488096e-02
5.925000e+00  2.390457e-02
5.975000e+00  2.349835e-02
6.025000e+00  2.308488e-02
6.075000e+00  2.279446e-02
6.125000e+00  2.265762e-02
6.175000e+00  2.216187e-02
6.225000e+00  2.203100e-02
6.275000e+00  2.193989e-02
6.325000e+00  2.116129e-02
6.375000e+00  2.065270e-02
6.425000e+00  2.081757e-02
6.475000e+00  2.086782e-02
6.525000e+00  2.037200e-02
6.575000e+00  2.010838e-02
6.625000e+00  2.005274e-02
6.675000e+00  1.974620e-02
6.725000e+00  1.945006e-02
6.775000e+00  1.900847e-02
6.825000e+00  1.864548e-02
6.875000e+00  1.834555e-02
6.925000e+00  1.827224e-02
6.975000e+00  1.784208e-02
7.025000e+00  1.767919e-02
7.075000e+00  1.744171e-02
7.125000e+00  1.739446e-02
7.175000e+00  1.729597e-02
7.225000e+00  1.694387e-02
7.275000e+00  1.718242e-02
7.325000e+00  1.703053e-02
7.375000e+00  1.667260e-02
7.425000e+00  1.634740e-02
7.475000e+00  1.595684e-02
7.525000e+00  1.552833e-02
7.575000e+00  1.554593e-02
7.625000e+00  1.529868e-02
7.675000e+00  1.519055e-02
7.725000e+00  1.477694e-02
7.775000e+00  1.461098e-02
7.825000e+00  1.461743e-02
7.875000e+00  1.430033e-02
7.925000e+00  1.426472e-02
7.975000e+00  1.449904e-02
8.025000e+00  1.426752e-02
8.075000e+00  1.393838e-02
8.125000e+00  1.383196e-02
8.175000e+00  1.373076e-02
8.225000e+00  1.326617e-02
8.275000e+00  1.315096e-02
8.325000e+00  1.260730e-02
8.375000e+00  1.269282e-02
8.425000e+00  1.258415e-02
8.475000e+00  1.238151e-02
8.525000e+00  1.234386e-02
8.575000e+00  1.235401e-02
8.625000e+00  1.234339e-02
8.675000e+00  1.210086e-02
8.725000e+00  1.168882e-02
8.775000e+00  1.173154e-02
8.825000e+00  1.157596e-02
8.875000e+00  1.153594e-02
8.925000e+00  1.136148e-02
8.975000e+00  1.124393e-02
9.025000e+00  1.095437e-02
9.075000e+00  1.101316e-02
9.125000e+00  1.110096e-02
9.175000e+00  1.090030e-02
9.225000e+00  1.076283e-02
9.275000e+00  1.067501e-02
9.325000e+00  1.068250e-02
9.375000e+00  1.040042e-02
9.425000e+00  1.031830e-02
9.475000e+00  1.024958e-02
9.525000e+00  1.011319e-02
9.575000e+00  9.845687e-03
9.625000e+00  9.658292e-03
9.675000e+00  9.632863e-03
9.725000e+00  9.379911e-03
9.775000e+00  9.223255e-03
9.825000e+00  9.294715e-03
9.875000e+00  9.166408e-03
9.925000e+00  9.160203e-03
9.975000e+00  9.038129e-03
1.002500e+01  8.991658e-03
1.007500e+01  8.893336e-03
1.012500e+01  8.845904e-03
1.017500e+01  8.613422e-03
1.022500e+01  8.656338e-03
1.027500e+01  8.627209e-03
1.032500e+01  8.379423e-03
1.037500e+01  8.290270e-03
1.042500e+01  8.215387e-03
1.047500e+01  8.184331e-03
1.052500e+01  7.948472e-03
1.057500e+01  7.985646e-03
1.062500e+01  7.932633e-03
1.067500e+01  7.912055e-03
1.072500e+01  7.856101e-03
1.077500e+01  7.667627e-03
1.082500e+01  7.494434e-03
1.087500e+01  7.274989e-03
1.092500e+01  7.268518e-03
1.097500e+01  7.169629e-03
1.102500e+01  7.265460e-03
1.107500e+01  7.193292e-03
1.112500e+01  7.003329e-03
1.117500e+01  7.089434e-03
1.122500e+01  6.948631e-03
1.127500e+01  6.768670e-03
1.132500e+01  6.531432e-03
1.137500e+01  6.419736e-03
1.142500e+01  6.553281e-03
1.147500e+01  6.307788e-03
1.152500e+01  6.287732e-03
1.157500e+01  6.079193e-03
1.162500e+01  6.181372e-03
1.167500e+01  6.224498e-03
1.172500e+01  6.088432e-03
1.177500e+01  6.085923e-03
1.182500e+01  5.937407e-03
1.187500e+01  5.911626e-03
1.192500e+01  5.779399e-03
1.197500e+01  5.706865e-03
1.202500e+01  5.628906e-03
1.207500e+01  5.600255e-03
1.212500e+01  5.533585e-03
1.217500e+01  5.361366e-03
1.222500e+01  5.212513e-03
1.227500e+01  5.180231e-03
1.232500e+01  5.211430e-03
1.237500e+01  5.191234e-03
1.242500e+01  5.183181e-03
1.247500e+01  5.022189e-03
1.252500e+01  4.881985e-03
1.257500e+01  4.829095e-03
1.262500e+01  4.753697e-03
1.267500e+01  4.718371e-03
1.272500e+01  4.594401e-03
1.277500e+01  4.523046e-03
1.282500e+01  4.483676e-03
1.287500e+01  4.472550e-03
1.292500e+01  4.310291e-03
1.297500e+01  4.304507e-03
1.302500e+01  4.197865e-03
1.307500e+01  4.153585e-03
1.312500e+01  4.135886e-03
1.317500e+01  3.984226e-03
1.322500e+01  3.961034e-03
1.327500e+01  3.826579e-03
1.332500e+01  3.767919e-03
1.337500e+01  3.754843e-03
1.342500e+01  3.750827e-03
1.347500e+01  3.657245e-03
1.352500e+01  3.589728e-03
1.357500e+01  3.455828e-03
1.362500e+01  3.502951e-03
1.367500e+01  3.507181e-03
1.372500e+01  3.331228e-03
1.377500e+01  3.380489e-03
1.382500e+01  3.377776e-03
1.387500e+01  3.297401e-03
1.392500e+01  3.215130e-03
1.397500e+01  3.172754e-03
1.402500e+01  3.117262e-03
1.407500e+01  3.028183e-03
1.412500e+01  2.978204e-03
1.417500e+01  2.951659e-03
1.422500e+01  2.825675e-03
1.427500e+01  2.836078e-03
1.432500e+01  2.851410e-03
1.437500e+01  2.874889e-03
1.442500e+01  2.800719e-03
1.447500e+01  2.632875e-03
1.452500e+01  2.641675e-03
1.457500e+01  2.604337e-03
1.462500e+01  2.492471e-03
1.467500e+01  2.480399e-03
1.472500e+01  2.495172e-03
1.477500e+01  2.515305e-03
1.482500e+01  2.440048e-03
1.487500e+01  2.439415e-03
1.492500e+01  2.399255e-03
1.497500e+01  2.339395e-03
1.502500e+01  2.294638e-03
1.507500e+01  2.318533e-03
1.512500e+01  2.167790e-03
1.517500e+01  2.187362e-03
1.522500e+01  2.148101e-03
1.527500e+01  2.048360e-03
1.532500e+01  2.091967e-03
1.537500e+01  2.016532e-03
1.542500e+01  1.905241e-03
1.547500e+01  1.902832e-03
1.552500e+01  1.888624e-03
1.557500e+01  1.827710e-03
1.562500e+01  1.823746e-03
1.567500e+01  1.768707e-03
1.572500e+01  1.776458e-03
1.577500e+01  1.783317e-03
1.582500e+01  1.675088e-03
1.587500e+01  1.663121e-03
1.592500e+01  1.639306e-03
1.597500e+01  1.629173e-03
1.602500e+01  1.559807e-03
1.607500e+01  1.520442e-03
1.612500e+01  1.492929e-03
1.617500e+01  1.454997e-03
1.622500e+01  1.484523e-03
1.627500e+01  1.409409e-03
1.632500e+01  1.373165e-03
1.637500e+01  1.293821e-03
1.642500e+01  1.297649e-03
1.647500e+01  1.240837e-03
1.652500e+01  1.240840e-03
1.657500e+01  1.222592e-03
1.662500e+01  1.187424e-03
1.667500e+01  1.177903e-03
1.672500e+01  1.127635e-03
1.677500e+01  1.104783e-03
1.682500e+01  1.157031e-03
1.687500e+01  1.140904e-03
1.692500e+01  1.093744e-03
1.697500e+01  1.102036e-03
1.702500e+01  1.045144e-03
1.707500e+01  9.846079e-04
1.712500e+01  1.005245e-03
1.717500e+01  9.679137e-04
1.722500e+01  9.690755e-04
1.727500e+01  9.447945e-04
1.732500e+01  9.056623e-04
1.737500e+01  9.163103e-04
1.742500e+01  9.313589e-04
1.747500e+01  8.799358e-04
1.752500e+01  8.972380e-04
1.757500e+01  8.741049e-04
1.762500e+01  8.236172e-04
1.767500e+01  7.861209e-04
1.772500e+01  8.022748e-04
1.777500e+01  7.725217e-04
1.782500e+01  8.118430e-04
1.787500e+01  7.465103e-04
1.792500e+01  7.161255e-04
1.797500e+01  7.598123e-04
1.802500e+01  7.161314e-04
1.807500e+01  6.985374e-04
1.812500e+01  6.483044e-04
1.817500e+01  6.724291e-04
1.822500e+01  6.632496e-04
1.827500e+01  6.090782e-04
1.832500e+01  6.172891e-04
1.837500e+01  6.047627e-04
1.842500e+01  5.840386e-04
1.847500e+01  5.555952e-04
1.852500e+01  6.011031e-04
1.857500e+01  6.027027e-04
1.862500e+01  5.624282e-04
1.867500e+01  5.358988e-04
1.872500e+01  5.455594e-04
1.877500e+01  5.396406e-04
1.882500e+01  5.172179e-04
1.887500e+01  5.051699e-04
1.892500e+01  5.199532e-04
1.897500e+01  5.031679e-04
1.902500e+01  4.915019e-04
1.907500e+01  4.595974e-04
1.912500e+01  4.685973e-04
1.917500e+01  4.432971e-04
1.922500e+01  4.338505e-04
1.927500e+01  4.359013e-04
1.932500e+01  4.122152e-04
1.937500e+01  4.255051e-04
1.942500e+01  4.060279e-04
1.947500e+01  4.037314e-04
1.952500e+01  4.216826e-04
1.957500e+01  4.225847e-04
1.962500e+01  4.039331e-04
1.967500e+01  3.832968e-04
1.972500e+01  3.879580e-04
1.977500e+01  3.593667e-04
1.982500e+01  3.547813e-04
1.987500e+01  3.517810e-04
1.992500e+01  3.283438e-04
1.997500e+01  3.235308e-04
2.002500e+01  3.354200e-04
2.007500e+01  3.221345e-04
2.012500e+01  3.001119e-04
2.017500e+01  2.917708e-04
2.022500e+01  2.985590e-04
2.027500e+01  2.853058e-04
2.032500e+01  3.022277e-04
2.037500e+01  2.722158e-04
2.042500e+01  2.720033e-04
2.047500e+01  2.810306e-04
2.052500e+01  2.806680e-04
2.057500e+01  2.387024e-04
2.062500e+01  2.462945e-04
2.067500e+01  2.353602e-04
2.072500e+01  2.263533e-04
2.077500e+01  2.170887e-04
2.082500e+01  2.393610e-04
2.087500e+01  2.321768e-04
2.092500e+01  2.219041e-04
2.097500e+01  2.201877e-04
2.102500e+01  2.228456e-04
2.107500e+01  2.229382e-04
2.112500e+01  2.069006e-04
2.117500e+01  2.202736e-04
2.122500e+01  2.158822e-04
2.127500e+01  2.071967e-04
2.132500e+01  2.041925e-04
2.137500e+01  1.950097e-04
2.142500e+01  1.776828e-04
2.147500e+01  1.991935e-04
2.152500e+01  1.990013e-04
2.157500e+01  1.765738e-04
2.162500e+01  1.797187e-04
2.167500e+01  1.847738e-04
2.172500e+01  1.853427e-04
2.177500e+01  1.746485e-04
2.182500e+01  1.710171e-04
2.187500e+01  1.612016e-04
2.192500e+01  1.591504e-04
2.197500e+01  1.601933e-04
2.202500e+01  1.667844e-04
2.207500e+01  1.528320e-04
2.212500e+01  1.643933e-04
2.217500e+01  1.764509e-04
2.222500e+01  1.422692e-04
2.227500e+01  1.313991e-04
2.232500e+01  1.416418e-04
2.237500e+01  1.409636e-04
2.242500e+01  1.402101e-04
2.247500e+01  1.380944e-04
2.252500e+01  1.390349e-04
2.257500e+01  1.343186e-04
2.262500e+01  1.377891e-04
2.267500e+01  1.329128e-04
2.272500e+01  1.269392e-04
2.277500e+01  1.309412e-04
2.282500e+01  1.199503e-04
2.287500e+01  1.174387e-04
2.292500e+01  1.153513e-04
2.297500e+01  1.195581e-04
2.302500e+01  1.071096e-04
2.307500e+01  1.098185e-04
2.312500e+01  1.013283e-04
2.317500e+01  9.947838e-05
2.322500e+01  1.045496e-04
2.327500e+01  9.864145e-05
2.332500e+01  1.008553e-04
2.337500e+01  9.735644e-05
2.342500e+01  9.911549e-05
2.347500e+01  9.367120e-05
2.352500e+01  9.830370e-05
2.357500e+01  9.409134e-05
2.362500e+01  8.278617e-05
2.367500e+01  7.856190e-05
2.372500e+01  7.520677e-05
2.377500e+01  7.824707e-05
2.382500e+01  6.885380e-05
2.387500e+01  7.858631e-05
2.392500e+01  8.198619e-05
2.397500e+01  7.976153e-05
2.402500e+01  8.296745e-05
2.407500e+01  8.057951e-05
2.412500e+01  8.400063e-05
2.417500e+01  8.776671e-05
2.422500e+01  8.767609e-05
2.427500e+01  7.309287e-05
2.432500e+01  7.412572e-05
2.437500e+01  7.253693e-05
2.442500e+01  7.369739e-05
2.447500e+01  7.632836e-05
2.452500e+01  7.273777e-05
2.457500e+01  6.062967e-05
2.462500e+01  6.411040e-05
2.467500e+01  7.062780e-05
2.472500e+01  6.923754e-05
2.477500e+01  7.043022e-05
2.482500e+01  7.396040e-05
2.487500e+01  6.822496e-05
2.492500e+01  6.551124e-05
2.497500e+01  6.243852e-05
2.502500e+01  6.264921e-05
2.507500e+01  6.016765e-05
2.512500e+01  5.914472e-05
2.517500e+01  7.173815e-05
2.522500e+01  5.897296e-05
2.527500e+01  5.933128e-05
2.532500e+01  6.609583e-05
2.537500e+01  5.823790e-05
2.542500e+01  5.113607e-05
2.547500e+01  4.603322e-05
2.552500e+01  4.822352e-05
2.557500e+01  5.037356e-05
2.562500e+01  5.009049e-05
2.567500e+01  4.644674e-05
2.572500e+01  4.175065e-05
2.577500e+01  3.979057e-05
2.582500e+01  5.066682e-05
2.587500e+01  4.610575e-05
2.592500e+01  4.228692e-05
2.597500e+01  4.303251e-05
2.602500e+01  3.777794e-05
2.607500e+01  4.947802e-05
2.612500e+01  4.574206e-05
2.617500e+01  4.482604e-05
2.622500e+01  4.439201e-05
2.627500e+01  4.031634e-05
2.632500e+01  3.678100e-05
2.637500e+01  3.373124e-05
2.642500e+01  3.554196e-05
2.647500e+01  3.711919e-05
2.652500e+01  3.471447e-05
2.657500e+01  3.590088e-05
2.662500e+01  3.207215e-05
2.667500e+01  3.562191e-05
2.672500e+01  3.733276e-05
2.677500e+01  3.358394e-05
2.682500e+01  3.189961e-05
2.687500e+01  3.431200e-05
2.692500e+01  2.990954e-05
2.697500e+01  4.208705e-05
2.702500e+01  4.017346e-05
2.707500e+01  3.422004e-05
2.712500e+01  3.396115e-05
2.717500e+01  4.198431e-05
2.722500e+01  3.342742e-05
2.727500e+01  3.262942e-05
2.732500e+01  2.923680e-05
2.737500e+01  3.330089e-05
2.742500e+01  3.106177e-05
2.747500e+01  3.198917e-05
2.752500e+01  2.545003e-05
2.757500e+01  2.409142e-05
2.762500e+01  2.408694e-05
2.767500e+01  2.870508e-05
2.772500e+01  2.777971e-05
2.777500e+01  3.178138e-05
2.782500e+01  2.888659e-05
2.787500e+01  3.048226e-05
2.792500e+01  3.064454e-05
2.797500e+01  2.970449e-05
2.802500e+01  3.263717e-05
2.807500e+01  2.820764e-05
2.812500e+01  2.558928e-05
2.817500e+01  2.654461e-05
2.822500e+01  2.502960e-05
2.827500e+01  2.540141e-05
2.832500e+01  2.551589e-05
2.837500e+01  2.455300e-05
2.842500e+01  2.719636e-05
2.847500e+01  2.343455e-05
2.852500e+01  1.870733e-05
2.857500e+01  2.322313e-05
2.862500e+01  2.669263e-05
2.867500e+01  2.525764e-05
2.872500e+01  2.440295e-05
2.877500e+01  2.003514e-05
2.882500e+01  1.932222e-05
2.887500e+01  1.996652e-05
2.892500e+01  1.752757e-05
2.897500e+01  2.010123e-05
2.902500e+01  1.915410e-05
2.907500e+01  1.802281e-05
2.912500e+01  1.859802e-05
2.917500e+01  1.640686e-05
2.922500e+01  1.617380e-05
2.927500e+01  1.787698e-05
2.932500e+01  2.045185e-05
2.937500e+01  1.527541e-05
2.942500e+01  1.821753e-05
2.947500e+01  2.003067e-05
2.952500e+01  1.463313e-05
2.957500e+01  1.939386e-05
2.962500e+01  1.492635e-05
2.967500e+01  1.222194e-05
2.972500e+01  1.271281e-05
2.977500e+01  1.291912e-05
2.982500e+01  1.292497e-05
2.987500e+01  1.594689e-05
2.992500e+01  1.781495e-05
2.997500e+01  1.811617e-05
3.002500e+01  1.547484e-05
3.007500e+01  1.803620e-05
3.012500e+01  1.299320e-05
3.017500e+01  1.600006e-05
3.022500e+01  1.712992e-05
3.027500e+01  1.436798e-05
3.032500e+01  1.073402e-05
3.037500e+01  1.361718e-05
3.042500e+01  1.286294e-05
3.047500e+01  1.272039e-05
3.052500e+01  1.312210e-05
3.057500e+01  1.156304e-05
3.062500e+01  1.390710e-05
3.067500e+01  1.353398e-05
3.072500e+01  1.225775e-05
3.077500e+01  1.136122e-05
3.082500e+01  1.053177e-05
3.087500e+01  9.736457e-06
3.092500e+01  7.845103e-06
3.097500e+01  8.951579e-06
3.102500e+01  1.023615e-05
3.107500e+01  1.218853e-05
3.112500e+01  9.778903e-06
3.117500e+01  8.515012e-06
3.122500e+01  1.284378e-05
3.127500e+01  1.140033e-05
3.132500e+01  1.441804e-05
3.137500e+01  1.315451e-05
3.142500e+01  1.275411e-05
3.147500e+01  1.011401e-05
3.152500e+01  1.146859e-05
3.157500e+01  9.044416e-06
3.162500e+01  8.373235e-06
3.167500e+01  1.037332e-05
3.172500e+01  1.175578e-05
3.177500e+01  1.158496e-05
3.182500e+01  1.214092e-05
3.187500e+01  8.550052e-06
3.192500e+01  1.167054e-05
3.197500e+01  1.251508e-05
3.202500e+01  9.189874e-06
3.207500e+01  1.117685e-05
3.212500e+01  1.023613e-05
3.217500e+01  9.923096e-06
3.222500e+01  7.155770e-06
3.227500e+01  1.123836e-05
3.232500e+01  1.126170e-05
3.237500e+01  7.683416e-06
3.242500e+01  9.676836e-06
3.247500e+01  8.726419e-06
3.252500e+01  8.623888e-06
3.257500e+01  7.165098e-06
3.262500e+01  9.264433e-06
3.267500e+01  7.249726e-06
3.272500e+01  7.737745e-06
3.277500e+01  7.270476e-06
3.282500e+01  9.681283e-06
3.287500e+01  9.006751e-06
3.292500e+01  6.841201e-06
3.297500e+01  6.074693e-06
3.302500e+01  7.686671e-06
3.307500e+01  6.730650e-06
3.312500e+01  5.918500e-06
3.317500e+01  6.151232e-06
3.322500e+01  8.311344e-06
3.327500e+01  9.978748e-06
3.332500e+01  6.721133e-06
3.337500e+01  6.195836e-06
3.342500e+01  4.505555e-06
3.347500e+01  5.509672e-06
3.352500e+01  4.577481e-06
3.357500e+01  6.004452e-06
3.362500e+01  8.261760e-06
3.367500e+01  6.121090e-06
3.372500e+01  6.540005e-06
3.377500e+01  6.315756e-06
3.382500e+01  5.903920e-06
3.387500e+01  6.102994e-06
3.392500e+01  6.645796e-06
3.397500e+01  9.469148e-06
3.402500e+01  5.683558e-06
3.407500e+01  6.069455e-06
3.412500e+01  5.550494e-06
3.417500e+01  5.686651e-06
3.422500e+01  6.258530e-06
3.427500e+01  5.351650e-06
3.432500e+01  5.067927e-06
3.437500e+01  5.235119e-06
3.442500e+01  4.874282e-06
3.447500e+01  5.847998e-06
3.452500e+01  5.068727e-06
3.457500e+01  4.770761e-06
3.462500e+01  5.928187e-06
3.467500e+01  3.959585e-06
3.472500e+01  5.826909e-06
3.477500e+01  5.899943e-06
3.482500e+01  5.988308e-06
3.487500e+01  4.071597e-06
3.492500e+01  5.363262e-06
3.497500e+01  5.390229e-06
3.502500e+01  3.739686e-06
3.507500e+01  3.521718e-06
3.512500e+01  4.226127e-06
3.517500e+01  4.038840e-06
3.522500e+01  2.777609e-06
3.527500e+01  2.760304e-06
3.532500e+01  2.421219e-06
3.537500e+01  3.322994e-06
3.542500e+01  3.550186e-06
3.547500e+01  2.003217e-06
3.552500e+01  2.842261e-06
3.557500e+01  3.405261e-06
3.562500e+01  3.677542e-06
3.567500e+01  3.446231e-06
3.572500e+01  3.718105e-06
3.577500e+01  2.893222e-06
3.582500e+01  3.591178e-06
3.587500e+01  3.786355e-06
3.592500e+01  7.354700e-06
3.597500e+01  6.013299e-06
3.602500e+01  3.626719e-06
3.607500e+01  3.609041e-06
3.612500e+01  3.106475e-06
3.617500e+01  2.846896e-06
3.622500e+01  2.648206e-06
3.627500e+01  2.601014e-06
3.632500e+01  2.417882e-06
3.637500e+01  2.567234e-06
3.642500e+01  1.569465e-06
3.647500e+01  1.477905e-06
3.652500e+01  2.923645e-06
3.657500e+01  1.867444e-06
3.662500e+01  2.799253e-06
3.667500e+01  3.128213e-06
3.672500e+01  3.742281e-06
3.677500e+01  4.776049e-06
3.682500e+01  8.044729e-06
3.687500e+01  5.759479e-06
3.692500e+01  6.385095e-06
3.697500e+01  3.594803e-06
3.702500e+01  3.008614e-06
3.707500e+01  1.690269e-06
3.712500e+01  1.449962e-06
3.717500e+01  2.091320e-06
3.722500e+01  1.851068e-06
3.727500e+01  2.386872e-06
3.732500e+01  3.428830e-06
3.737500e+01  2.994494e-06
3.742500e+01  2.188540e-06
3.747500e+01  3.198789e-06
3.752500e+01  2.780349e-06
3.757500e+01  3.194530e-06
3.762500e+01  4.023917e-06
3.767500e+01  3.205126e-06
3.772500e+01  2.743311e-06
3.777500e+01  2.504393e-06
3.782500e+01  2.325028e-06
3.787500e+01  1.687122e-06
3.792500e+01  2.070538e-06
3.797500e+01  1.906597e-06
3.802500e+01  1.078217e-06
3.807500e+01  2.656871e-06
3.812500e+01  1.548825e-06
3.817500e+01  1.724703e-06
3.822500e+01  1.870889e-06
3.827500e+01  1.148299e-06
3.832500e+01  7.356088e-07
3.837500e+01  1.720203e-06
3.842500e+01  2.306804e-06
3.847500e+01  4.684027e-06
3.852500e+01  6.060336e-06
3.857500e+01  2.668925e-06
3.862500e+01  2.769782e-06
3.867500e+01  1.830682e-06
3.872500e+01  1.492872e-06
3.877500e+01  8.483403e-07
3.882500e+01  1.520182e-06
3.887500e+01  1.869790e-06
3.892500e+01  2.627702e-06
3.897500e+01  2.217525e-06
3.902500e+01  1.749556e-06
3.907500e+01  2.025272e-06
3.912500e+01  1.776440e-06
3.917500e+01  1.818961e-06
3.922500e+01  1.236105e-06
3.927500e+01  1.467849e-06
3.932500e+01  2.033348e-06
3.937500e+01  2.365894e-06
3.942500e+01  1.813185e-06
3.947500e+01  1.246681e-06
3.952500e+01  1.434225e-06
3.957500e+01  1.940047e-06
3.962500e+01  1.432414e-06
3.967500e+01  1.720705e-06
3.972500e+01  1.604017e-06
3.977500e+01  8.664912e-07
3.982500e+01  7.504875e-07
3.987500e+01  6.057828e-07
3.992500e+01  9.657625e-07
3.997500e+01  9.651583e-07
4.002500e+01  1.194897e-06
4.007500e+01  7.481429e-07
4.012500e+01  4.744871e-07
4.017500e+01  6.322557e-07
4.022500e+01  1.005236e-06
4.027500e+01  1.406456e-06
4.032500e+01  1.434270e-06
4.037500e+01  1.433381e-06
4.042500e+01  1.919543e-06
4.047500e+01  1.302765e-06
4.052500e+01  1.259039e-06
4.057500e+01  2.173363e-06
4.062500e+01  1.314647e-06
4.067500e+01  9.996599e-07
4.072500e+01  1.198855e-06
4.077500e+01  9.984333e-07
4.082500e+01  6.984752e-07
4.087500e+01  1.168162e-06
4.092500e+01  9.538903e-07
4.097500e+01  1.636275e-06
4.102500e+01  1.834355e-06
4.107500e+01  1.847449e-06
4.112500e+01  1.846326e-06
4.117500e+01  6.813063e-07
4.122500e+01  8.794869e-07
4.127500e+01  1.190841e-06
4.132500e+01  9.917669e-07
4.137500e+01  7.362958e-07
4.142500e+01  1.457552e-06
4.147500e+01  1.004114e-06
4.152500e+01  6.642951e-07
4.157500e+01  1.017031e-06
4.162500e+01  5.787949e-07
4.167500e+01  7.054239e-07
4.172500e+01  4.794008e-07
4.177500e+01  6.482128e-07
4.182500e+01  4.929105e-07
4.187500e+01  7.178121e-07
4.192500e+01  5.626541e-07
4.197500e+01  2.811594e-07
4.202500e+01  1.966945e-07
4.207500e+01  3.510314e-07
4.212500e+01  3.087242e-07
4.217500e+01  6.872053e-07
4.222500e+01  5.045865e-07
4.227500e+01  5.042881e-07
4.232500e+01  2.519951e-07
4.237500e+01  2.098720e-07
4.242500e+01  3.216140e-07
4.247500e+01  3.493746e-07
4.252500e+01  4.050362e-07
4.257500e+01  5.164668e-07
4.262500e+01  5.161638e-07
4.267500e+01  1.143260e-06
4.272500e+01  1.156525e-06
4.277500e+01  2.005328e-06
4.282500e+01  1.934568e-06
4.287500e+01  1.112771e-06
4.292500e+01  9.731076e-07
4.297500e+01  8.613938e-07
4.302500e+01  7.081540e-07
4.307500e+01  6.938656e-07
4.312500e+01  1.151149e-06
4.317500e+01  1.039592e-06
4.322500e+01  1.316055e-06
4.327500e+01  1.398366e-06
4.332500e+01  7.333724e-07
4.337500e+01  5.946572e-07
4.342500e+01  3.869957e-07
4.347500e+01  2.210132e-07
4.352500e+01  4.141616e-07
4.357500e+01  8.416454e-07
4.362500e+01  7.170569e-07
4.367500e+01  1.419511e-06
4.372500e+01  1.418699e-06
4.377500e+01  8.397205e-07
4.382500e+01  3.989836e-07
4.387500e+01  2.750043e-07
4.392500e+01  5.222106e-07
4.397500e+01  8.652779e-07
4.402500e+01  6.314314e-07
4.407500e+01  4.801643e-07
4.412500e+01  2.330905e-07
4.417500e+01  1.644413e-07
4.422500e+01  1.643483e-07
4.427500e+01  3.969508e-07
4.432500e+01  9.165759e-07
4.437500e+01  6.972989e-07
4.442500e+01  9.428734e-07
4.447500e+01  8.604003e-07
4.452500e+01  1.255752e-06
4.457500e+01  2.864782e-07
4.462500e+01  3.544886e-07
4.467500e+01  3.815432e-07
4.472500e+01  3.268542e-07
4.477500e+01  3.130603e-07
4.482500e+01  5.305453e-07
4.487500e+01  4.622689e-07
4.492500e+01  3.261258e-07
4.497500e+01  5.432408e-07
4.502500e+01  6.922474e-07
4.507500e+01  2.984508e-07
4.512500e+01  1.898180e-07
4.517500e+01  1.626111e-07
4.522500e+01  2.979555e-07
4.527500e+01  3.519347e-07
4.532500e+01  6.493672e-07
4.537500e+01  7.436565e-07
4.542500e+01  1.351358e-06
4.547500e+01  9.724430e-07
4.552500e+01  8.909164e-07
4.557500e+01  1.011849e-06
4.562500e+01  4.719376e-07
4.567500e+01  4.851558e-07
4.572500e+01  9.563117e-07
4.577500e+01  8.884802e-07
4.582500e+01  5.381790e-07
4.587500e+01  9.412999e-07
4.592500e+01  9.542271e-07
4.597500e+01  4.298403e-07
4.602500e+01  2.819294e-07
4.607500e+01  6.843141e-07
4.612500e+01  1.327654e-06
4.617500e+01  1.943491e-06
4.622500e+01  6.162222e-07
4.627500e+01  6.962226e-07
4.632500e+01  7.359918e-07
4.637500e+01  9.094628e-07
4.642500e+01  3.208140e-07
4.647500e+01  2.672011e-07
4.652500e+01  2.056343e-06
4.657500e+01  5.471740e-07
4.662500e+01  7.869744e-07
4.667500e+01  9.331982e-07
4.672500e+01  6.262406e-07
4.677500e+01  5.326858e-08
4.682500e+01  1.331003e-08
4.687500e+01  1.330293e-08
4.692500e+01  5.318337e-08
4.697500e+01  3.587966e-07
4.702500e+01  1.593804e-07
4.707500e+01  1.592957e-07
4.712500e+01  1.326760e-07
4.717500e+01  7.956339e-08
4.722500e+01  3.976063e-08
4.727500e+01  1.324653e-07
4.732500e+01  7.016953e-07
4.737500e+01  1.998114e-06
4.742500e+01  5.686994e-07
4.747500e+01  1.004614e-06
4.752500e+01  3.699261e-07
4.757500e+01  2.376846e-07
4.762500e+01  2.903509e-07
4.767500e+01  1.714810e-07
4.772500e+01  1.186554e-07
4.777500e+01  7.906220e-08
4.782500e+01  1.843820e-07
4.787500e+01  7.371428e-07
4.792500e+01  1.578768e-07
4.797500e+01  2.761403e-07
4.802500e+01  5.257077e-07
4.807500e+01  5.385701e-07
4.812500e+01  6.695805e-07
4.817500e+01  2.755665e-07
4.822500e+01  2.754236e-07
4.827500e+01  3.539326e-07
4.832500e+01  0.000000e+00
4.837500e+01  0.000000e+00
4.842500e+01  3.926489e-08
4.847500e+01  1.046524e-07
4.852500e+01  9.152364e-08
4.857500e+01  2.221573e-07
4.862500e+01  1.436749e-07
4.867500e+01  4.699672e-07
4.872500e+01  5.741095e-07
4.877500e+01  6.911865e-07
4.882500e+01  3.388989e-07
4.887500e+01  9.119534e-08
4.892500e+01  2.213612e-07
4.897500e+01  2.733066e-07
4.902500e+01  2.211353e-07
4.907500e+01  2.470253e-07
4.912500e+01  3.898414e-07
4.917500e+01  2.207978e-07
4.922500e+01  7.529274e-07
4.927500e+01  6.746958e-07
4.932500e+01  3.112402e-07
4.937500e+01  2.073884e-07
4.942500e+01  2.720595e-07
4.947500e+01  3.496140e-07
4.952500e+01  2.976690e-07
4.957500e+01  4.398105e-07
4.962500e+01  4.783761e-07
4.967500e+01  3.489095e-07
4.972500e+01  3.745662e-07
4.977500e+01  3.872876e-07
4.982500e+01  5.032212e-07
4.987500e+01  1.676563e-07
4.992500e+01  2.191330e-07
4.997500e+01  2.705583e-07
5.002500e+01  7.726373e-08
5.007500e+01  1.415794e-07
5.012500e+01  2.572888e-07
5.017500e+01  1.285803e-07
5.022500e+01  6.425812e-08
5.027500e+01  6.422616e-08
5.032500e+01  2.952935e-07
5.037500e+01  1.539897e-07
5.042500e+01  2.436961e-07
5.047500e+01  2.435754e-07
5.052500e+01  2.306414e-07
5.057500e+01  4.354406e-07
5.062500e+01  2.944173e-07
5.067500e+01  3.966275e-07
5.072500e+01  2.941269e-07
5.077500e+01  2.428548e-07
5.082500e+01  3.832662e-07
5.087500e+01  1.404619e-07
5.092500e+01  7.657795e-08
5.097500e+01  2.678913e-07
5.102500e+01  6.502744e-07
5.107500e+01  2.548847e-07
5.112500e+01  2.292840e-07
5.117500e+01  2.419038e-07
5.122500e+01  3.308646e-07
5.127500e+01  3.688614e-07
5.132500e+01  7.500764e-07
5.137500e+01  3.303813e-07
5.142500e+01  2.667167e-07
5.147500e+01  1.015570e-07
5.152500e+01  1.268846e-07
5.157500e+01  3.043754e-07
5.162500e+01  9.000079e-07
5.167500e+01  4.307811e-07
5.172500e+01  4.052451e-07
5.177500e+01  4.303649e-07
5.182500e+01  3.162921e-07
5.187500e+01  3.540764e-07
5.192500e+01  1.390345e-07
5.197500e+01  2.653017e-07
5.202500e+01  1.262734e-07
5.207500e+01  0.000000e+00
5.212500e+01  0.000000e+00
5.217500e+01  0.000000e+00
5.222500e+01  0.000000e+00
5.227500e+01  0.000000e+00
5.232500e+01  0.000000e+00
5.237500e+01  6.292540e-08
5.242500e+01  2.515815e-08
5.247500e+01  1.257308e-08
5.252500e+01  2.513419e-08
5.257500e+01  2.512224e-08
5.262500e+01  1.255515e-08
5.267500e+01  3.764757e-08
5.272500e+01  5.017296e-08
5.277500e+01  7.522377e-08
5.282500e+01  1.503763e-07
5.287500e+01  1.503052e-07
5.292500e+01  1.752732e-07
5.297500e+01  1.251361e-08
5.302500e+01  5.003082e-08
5.307500e+01  1.875272e-07
5.312500e+01  9.996743e-08
5.317500e+01  9.992042e-08
5.322500e+01  7.490510e-08
5.327500e+01  4.242630e-07
5.332500e+01  6.236236e-08
5.337500e+01  8.726641e-08
5.342500e+01  6.230397e-08
5.347500e+01  3.736490e-08
5.352500e+01  3.734745e-08
5.357500e+01  8.710337e-08
5.362500e+01  4.975014e-08
5.367500e+01  2.237713e-07
5.372500e+01  1.988153e-07
5.377500e+01  1.117816e-07
5.382500e+01  7.448644e-08
5.387500e+01  1.861297e-07
5.392500e+01  2.108491e-07
5.397500e+01  3.719143e-08
5.402500e+01  1.610883e-07
5.407500e+01  2.477135e-07
5.412500e+01  0.000000e+00
5.417500e+01  0.000000e+00
5.422500e+01  1.236853e-08
5.427500e+01  0.000000e+00
5.432500e+01  6.178572e-08
5.437500e+01  1.111632e-07
5.442500e+01  3.703736e-08
5.447500e+01  7.404072e-08
5.452500e+01  1.356791e-07
5.457500e+01  7.397285e-08
5.462500e+01  3.080791e-07
5.467500e+01  1.231753e-07
5.472500e+01  1.231190e-08
5.477500e+01  2.338193e-07
5.482500e+01  1.353073e-07
5.487500e+01  3.688519e-07
5.492500e+01  1.228946e-07
5.497500e+01  1.105549e-07
5.502500e+01  1.718961e-07
5.507500e+01  8.590902e-08
5.512500e+01  0.000000e+00
5.517500e+01  3.678477e-08
5.522500e+01  1.103044e-07
5.527500e+01  4.900198e-08
5.532500e+01  1.346945e-07
5.537500e+01  2.447886e-08
5.542500e+01  3.670172e-08
5.547500e+01  7.337035e-08
5.552500e+01  4.889154e-08
5.557500e+01  1.343912e-07
5.562500e+01  2.320260e-07
5.567500e+01  2.441282e-08
5.572500e+01  2.440186e-08
5.577500e+01  2.439092e-08
5.582500e+01  2.438000e-08
5.587500e+01  6.092271e-08
5.592500e+01  1.339700e-07
5.597500e+01  2.921677e-07
5.602500e+01  1.338504e-07
5.607500e+01  2.432559e-08
5.612500e+01  0.000000e+00
5.617500e+01  0.000000e+00
5.622500e+01  0.000000e+00
5.627500e+01  0.000000e+00
5.632500e+01  0.000000e+00
5.637500e+01  0.000000e+00
5.642500e+01  0.000000e+00
5.647500e+01  0.000000e+00
5.652500e+01  0.000000e+00
5.657500e+01  0.000000e+00
5.662500e+01  0.000000e+00
5.667500e+01  0.000000e+00
5.672500e+01  0.000000e+00
5.677500e+01  0.000000e+00
5.682500e+01  0.000000e+00
5.687500e+01  0.000000e+00
5.692500e+01  0.000000e+00
5.697500e+01  0.000000e+00
5.702500e+01  0.000000e+00
5.707500e+01  0.000000e+00
5.712500e+01  4.820198e-08
5.717500e+01  1.445427e-07
5.722500e+01  6.019981e-08
5.727500e+01  1.684859e-07
5.732500e+01  2.405891e-07
5.737500e+01  2.284600e-07
5.742500e+01  6.009488e-08
5.747500e+01  4.084674e-07
5.752500e+01  3.482472e-07
5.757500e+01  3.120861e-07
5.762500e+01  6.718937e-07
5.767500e+01  6.955882e-07
5.772500e+01  3.955942e-07
5.777500e+01  4.793006e-08
5.782500e+01  5.988667e-08
5.787500e+01  5.986080e-08
5.792500e+01  2.393398e-08
5.797500e+01  3.588549e-08
5.802500e+01  3.108735e-07
5.807500e+01  3.107397e-07
5.812500e+01  8.362470e-08
5.817500e+01  0.000000e+00
5.822500e+01  0.000000e+00
5.827500e+01  0.000000e+00
5.832500e+01  0.000000e+00
5.837500e+01  0.000000e+00
5.842500e+01  0.000000e+00
5.847500e+01  0.000000e+00
5.852500e+01  0.000000e+00
5.857500e+01  0.000000e+00
5.862500e+01  0.000000e+00
5.867500e+01  0.000000e+00
5.872500e+01  0.000000e+00
5.877500e+01  1.188014e-08
5.882500e+01  1.187509e-08
5.887500e+01  1.187005e-08
5.892500e+01  1.186501e-08
5.897500e+01  8.301987e-08
5.902500e+01  5.927479e-08
5.907500e+01  0.000000e+00
5.912500e+01  0.000000e+00
5.917500e+01  0.000000e+00
5.922500e+01  1.538540e-07
5.927500e+01  3.667279e-07
5.932500e+01  3.429234e-07
5.937500e+01  3.900588e-07
5.942500e+01  3.426347e-07
5.947500e+01  4.251609e-07
5.952500e+01  9.444050e-08
5.957500e+01  7.080065e-08
5.962500e+01  5.897579e-08
5.967500e+01  7.074130e-08
5.972500e+01  1.649939e-07
5.977500e+01  1.413642e-07
5.982500e+01  4.710171e-08
5.987500e+01  3.531153e-08
5.992500e+01  7.059358e-08
5.997500e+01  2.352138e-08
6.002500e+01  1.175579e-08
6.007500e+01  7.050540e-08
6.012500e+01  1.761902e-07
6.017500e+01  4.696453e-08
6.022500e+01  3.520877e-08
6.027500e+01  8.211971e-08
6.032500e+01  2.345305e-08
6.037500e+01  3.516500e-08
6.042500e+01  3.515045e-08
6.047500e+01  7.027184e-08
6.052500e+01  1.756070e-07
6.057500e+01  7.021381e-08
6.062500e+01  4.678990e-08
6.067500e+01  4.677062e-08
6.072500e+01  7.012704e-08
6.077500e+01  2.102945e-07
6.082500e+01  1.985299e-07
6.087500e+01  1.050609e-07
6.092500e+01  2.333728e-08
6.097500e+01  6.998313e-08
6.102500e+01  5.829538e-08
6.107500e+01  1.281973e-07
6.112500e+01  9.319627e-08
6.117500e+01  6.986863e-08
6.122500e+01  2.328003e-08
6.127500e+01  1.163527e-07
6.132500e+01  3.489157e-08
6.137500e+01  9.300627e-08
6.142500e+01  1.045895e-07
6.147500e+01  2.323265e-08
6.152500e+01  0.000000e+00
6.157500e+01  0.000000e+00
6.162500e+01  0.000000e+00
6.167500e+01  0.000000e+00
6.172500e+01  0.000000e+00
6.177500e+01  3.476425e-08
6.182500e+01  2.316679e-08
6.187500e+01  1.273659e-07
6.192500e+01  6.944424e-08
6.197500e+01  6.941622e-08
6.202500e+01  2.312941e-08
6.207500e+01  0.000000e+00
6.212500e+01  0.000000e+00
6.217500e+01  0.000000e+00
6.222500e+01  0.000000e+00
6.227500e+01  0.000000e+00
6.232500e+01  0.000000e+00
6.237500e+01  2.306443e-08
6.242500e+01  6.916557e-08
6.247500e+01  1.613217e-07
6.252500e+01  1.151837e-08
6.257500e+01  2.302754e-08
6.262500e+01  3.452752e-08
6.267500e+01  2.300916e-08
6.272500e+01  5.749998e-08
6.277500e+01  5.747707e-08
6.282500e+01  0.000000e+00
6.287500e+01  0.000000e+00
6.292500e+01  0.000000e+00
6.297500e+01  0.000000e+00
6.302500e+01  0.000000e+00
6.307500e+01  0.000000e+00
6.312500e+01  0.000000e+00
6.317500e+01  0.000000e+00
6.322500e+01  0.000000e+00
6.327500e+01  0.000000e+00
6.332500e+01  0.000000e+00
6.337500e+01  0.000000e+00
6.342500e+01  0.000000e+00
6.347500e+01  0.000000e+00
6.352500e+01  0.000000e+00
6.357500e+01  0.000000e+00
6.362500e+01  0.000000e+00
6.367500e+01  0.000000e+00
6.372500e+01  0.000000e+00
6.377500e+01  4.561973e-08
6.382500e+01  7.980326e-08
6.387500e+01  6.837602e-08
6.392500e+01  3.417463e-08
6.397500e+01  1.708064e-07
6.402500e+01  1.138265e-08
6.407500e+01  1.024038e-07
6.412500e+01  7.961637e-08
6.417500e+01  1.250627e-07
6.422500e+01  2.045684e-07
6.427500e+01  1.249654e-07
6.432500e+01  1.249168e-07
6.437500e+01  1.702749e-07
6.442500e+01  1.361670e-07
6.447500e+01  1.020857e-07
6.452500e+01  9.070766e-08
6.457500e+01  5.667034e-08
6.462500e+01  4.531873e-08
6.467500e+01  2.491566e-07
6.472500e+01  2.150976e-07
6.477500e+01  2.942305e-07
6.482500e+01  0.000000e+00
6.487500e+01  0.000000e+00
6.492500e+01  0.000000e+00
6.497500e+01  0.000000e+00
6.502500e+01  0.000000e+00
6.507500e+01  0.000000e+00
6.512500e+01  0.000000e+00
6.517500e+01  0.000000e+00
6.522500e+01  0.000000e+00
6.527500e+01  0.000000e+00
6.532500e+01  0.000000e+00
6.537500e+01  0.000000e+00
6.542500e+01  0.000000e+00
6.547500e+01  2.251180e-08
6.552500e+01  3.375482e-08
6.557500e+01  0.000000e+00
6.562500e+01  0.000000e+00
6.567500e+01  0.000000e+00
6.572500e+01  0.000000e+00
6.577500e+01  0.000000e+00
6.582500e+01  0.000000e+00
6.587500e+01  0.000000e+00
6.592500e+01  0.000000e+00
6.597500e+01  7.849217e-08
6.602500e+01  5.604460e-08
6.607500e+01  1.456608e-07
6.612500e+01  3.360133e-08
6.617500e+01  1.119621e-08
6.622500e+01  2.238396e-08
6.627500e+01  4.475104e-08
6.632500e+01  8.946833e-08
6.637500e+01  7.825530e-08
6.642500e+01  5.587560e-08
6.647500e+01  2.234183e-08
6.652500e+01  3.350015e-08
6.657500e+01  3.348757e-08
6.662500e+01  5.579167e-08
6.667500e+01  0.000000e+00
6.672500e+01  0.000000e+00
6.677500e+01  0.000000e+00
6.682500e+01  0.000000e+00
6.687500e+01  0.000000e+00
6.692500e+01  0.000000e+00
6.697500e+01  0.000000e+00
6.702500e+01  0.000000e+00
6.707500e+01  0.000000e+00
6.712500e+01  0.000000e+00
6.717500e+01  0.000000e+00
6.722500e+01  0.000000e+00
6.727500e+01  0.000000e+00
6.732500e+01  0.000000e+00
6.737500e+01  0.000000e+00
6.742500e+01  0.000000e+00
6.747500e+01  0.000000e+00
6.752500e+01  1.330047e-07
6.757500e+01  6.647774e-08
6.762500e+01  2.990392e-07
6.767500e+01  3.542859e-07
6.772500e+01  4.426938e-08
6.777500e+01  2.212653e-08
6.782500e+01  3.317755e-08
6.787500e+01  2.211022e-08
6.792500e+01  3.315312e-08
6.797500e+01  1.104698e-08
6.802500e+01  2.208583e-08
6.807500e+01  8.831087e-08
6.812500e+01  2.206961e-08
6.817500e+01  0.000000e+00
6.822500e+01  0.000000e+00
6.827500e+01  0.000000e+00
6.832500e+01  0.000000e+00
6.837500e+01  0.000000e+00
6.842500e+01  0.000000e+00
6.847500e+01  0.000000e+00
6.852500e+01  0.000000e+00
6.857500e+01  1.099854e-08
6.862500e+01  8.795627e-08
6.867500e+01  1.538674e-07
6.872500e+01  1.318384e-07
6.877500e+01  9.884284e-08
6.882500e+01  0.000000e+00
6.887500e+01  0.000000e+00
6.892500e+01  0.000000e+00
6.897500e+01  0.000000e+00
6.902500e+01  0.000000e+00
6.907500e+01  0.000000e+00
6.912500e+01  1.095470e-07
6.917500e+01  2.080640e-07
6.922500e+01  2.298824e-07
6.927500e+01  0.000000e+00
6.932500e+01  0.000000e+00
6.937500e+01  0.000000e+00
6.942500e+01  0.000000e+00
6.947500e+01  0.000000e+00
6.952500e+01  0.000000e+00
6.957500e+01  0.000000e+00
6.962500e+01  0.000000e+00
6.967500e+01  2.182275e-08
6.972500e+01  1.090746e-07
6.977500e+01  4.361422e-08
6.982500e+01  0.000000e+00
6.987500e+01  0.000000e+00
6.992500e+01  0.000000e+00
6.997500e+01  0.000000e+00
7.002500e+01  6.530444e-08
7.007500e+01  1.414425e-07
7.012500e+01  6.525786e-08
7.017500e+01  0.000000e+00
7.022500e+01  0.000000e+00
7.027500e+01  2.172939e-08
7.032500e+01  3.258250e-08
7.037500e+01  4.342790e-08
7.042500e+01  1.302374e-07
7.047500e+01  2.169854e-08
7.052500e+01  0.000000e+00
7.057500e+01  0.000000e+00
7.062500e+01  0.000000e+00
7.067500e+01  0.000000e+00
7.072500e+01  0.000000e+00
7.077500e+01  0.000000e+00
7.082500e+01  0.000000e+00
7.087500e+01  0.000000e+00
7.092500e+01  1.081480e-08
7.097500e+01  1.081099e-08
7.102500e+01  2.161436e-08
7.107500e+01  1.080338e-08
7.112500e+01  2.159916e-08
7.117500e+01  1.079579e-08
7.122500e+01  3.237599e-08
7.127500e+01  2.157642e-08
7.132500e+01  1.078443e-08
7.137500e+01  1.078065e-08
7.142500e+01  1.077688e-08
7.147500e+01  2.154621e-08
7.152500e+01  6.461604e-08
7.157500e+01  2.153115e-08
7.162500e+01  5.380909e-08
7.167500e+01  0.000000e+00
7.172500e+01  9.678883e-08
7.177500e+01  7.525397e-08
7.182500e+01  7.522778e-08
7.187500e+01  9.668778e-08
7.192500e+01  1.073935e-07
7.197500e+01  1.073562e-07
7.202500e+01  1.073189e-07
7.207500e+01  7.509719e-08
7.212500e+01  1.501423e-07
7.217500e+01  5.360368e-08
7.222500e+01  3.215107e-08
7.227500e+01  6.427990e-08
7.232500e+01  2.141923e-08
7.237500e+01  7.494139e-08
7.242500e+01  7.491552e-08
7.247500e+01  2.032720e-07
7.252500e+01  1.604225e-07
7.257500e+01  8.552921e-08
7.262500e+01  4.274988e-08
7.267500e+01  2.136759e-08
7.272500e+01  2.136024e-08
7.277500e+01  4.270580e-08
7.282500e+01  4.269114e-08
7.287500e+01  4.267649e-08
7.292500e+01  2.133093e-08
7.297500e+01  1.919126e-07
7.302500e+01  6.394896e-08
7.307500e+01  1.065451e-08
7.312500e+01  1.065087e-07
7.317500e+01  6.388338e-08
7.322500e+01  3.193078e-08
7.327500e+01  3.191989e-08
7.332500e+01  2.127267e-08
7.337500e+01  6.379626e-08
7.342500e+01  7.440362e-08
7.347500e+01  0.000000e+00
7.352500e+01  0.000000e+00
7.357500e+01  0.000000e+00
7.362500e+01  0.000000e+00
7.367500e+01  0.000000e+00
7.372500e+01  0.000000e+00
7.377500e+01  0.000000e+00
7.382500e+01  0.000000e+00
7.387500e+01  0.000000e+00
7.392500e+01  0.000000e+00
7.397500e+01  0.000000e+00
7.402500e+01  0.000000e+00
7.407500e+01  0.000000e+00
7.412500e+01  0.000000e+00
7.417500e+01  0.000000e+00
7.422500e+01  0.000000e+00
7.427500e+01  0.000000e+00
7.432500e+01  0.000000e+00
7.437500e+01  0.000000e+00
7.442500e+01  0.000000e+00
7.447500e+01  2.110779e-08
7.452500e+01  5.275177e-08
7.457500e+01  8.437453e-08
7.462500e+01  9.488954e-08
7.467500e+01  5.269876e-08
7.472500e+01  5.268112e-08
7.477500e+01  5.266351e-08
7.482500e+01  4.211673e-08
7.487500e+01  8.420533e-08
7.492500e+01  1.578323e-07
7.497500e+01  2.208915e-07
7.502500e+01  6.729689e-07
7.507500e+01  3.573956e-07
7.512500e+01  3.257523e-07
7.517500e+01  2.941300e-07
7.522500e+01  2.100230e-07
7.527500e+01  0.000000e+00
7.532500e+01  0.000000e+00
7.537500e+01  0.000000e+00
7.542500e+01  0.000000e+00
7.547500e+01  0.000000e+00
7.552500e+01  0.000000e+00
7.557500e+01  0.000000e+00
7.562500e+01  0.000000e+00
7.567500e+01  6.281929e-08
7.572500e+01  5.233212e-08
7.577500e+01  4.185188e-08
7.582500e+01  8.367617e-08
7.587500e+01  1.777533e-07
7.592500e+01  9.407367e-08
7.597500e+01  2.089838e-08
7.602500e+01  1.044575e-08
7.607500e+01  2.088464e-08
7.612500e+01  1.043889e-08
7.617500e+01  2.087093e-08
7.622500e+01  2.086408e-08
7.627500e+01  2.085724e-08
7.632500e+01  1.980789e-07
7.637500e+01  2.084358e-07
7.642500e+01  4.167353e-08
7.647500e+01  0.000000e+00
7.652500e+01  0.000000e+00
7.657500e+01  0.000000e+00
7.662500e+01  0.000000e+00
7.667500e+01  0.000000e+00
7.672500e+01  0.000000e+00
7.677500e+01  0.000000e+00
7.682500e+01  0.000000e+00
7.687500e+01  2.077569e-08
7.692500e+01  2.076894e-08
7.697500e+01  4.152438e-08
7.702500e+01  7.264407e-08
7.707500e+01  7.262051e-08
7.712500e+01  9.333895e-08
7.717500e+01  1.036763e-07
7.722500e+01  7.254994e-08
7.727500e+01  7.252647e-08
7.732500e+01  5.178787e-08
7.737500e+01  4.141691e-08
7.742500e+01  3.105265e-08
7.747500e+01  4.139017e-08
7.752500e+01  3.103261e-08
7.757500e+01  3.102261e-08
7.762500e+01  2.584385e-07
7.767500e+01  1.446790e-07
7.772500e+01  3.099266e-08
7.777500e+01  0.000000e+00
7.782500e+01  0.000000e+00
7.787500e+01  0.000000e+00
7.792500e+01  0.000000e+00
7.797500e+01  8.251450e-08
7.802500e+01  1.134211e-07
7.807500e+01  1.030771e-08
7.812500e+01  6.182644e-08
7.817500e+01  1.236133e-07
7.822500e+01  8.238254e-08
7.827500e+01  1.338289e-07
7.832500e+01  9.262118e-08
7.837500e+01  5.143979e-08
7.842500e+01  1.337008e-07
7.847500e+01  6.168841e-08
7.852500e+01  0.000000e+00
7.857500e+01  1.130234e-07
7.862500e+01  2.567897e-07
7.867500e+01  1.540249e-07
7.872500e+01  8.212051e-08
7.877500e+01  1.641889e-07
7.882500e+01  7.180985e-08
7.887500e+01  5.127649e-08
7.892500e+01  1.025205e-07
7.897500e+01  1.127368e-07
7.902500e+01  0.000000e+00
7.907500e+01  0.000000e+00
7.912500e+01  0.000000e+00
7.917500e+01  0.000000e+00
7.922500e+01  0.000000e+00
7.927500e+01  0.000000e+00
7.932500e+01  0.000000e+00
7.937500e+01  0.000000e+00
7.942500e+01  0.000000e+00
7.947500e+01  0.000000e+00
7.952500e+01  0.000000e+00
7.957500e+01  0.000000e+00
7.962500e+01  0.000000e+00
7.967500e+01  0.000000e+00
7.972500e+01  0.000000e+00
7.977500e+01  0.000000e+00
7.982500e+01  0.000000e+00
7.987500e+01  7.133630e-08
7.992500e+01  3.056314e-08
7.997500e+01  4.073811e-08
8.002500e+01  4.072538e-08
8.007500e+01  0.000000e+00
8.012500e+01  0.000000e+00
8.017500e+01  0.000000e+00
8.022500e+01  6.101188e-08
8.027500e+01  6.099287e-08
8.032500e+01  1.016231e-07
8.037500e+01  1.422281e-07
8.042500e+01  1.015599e-07
8.047500e+01  3.045852e-08
8.052500e+01  5.074843e-08
8.057500e+01  1.521981e-07
8.062500e+01  2.332980e-07
8.067500e+01  1.825244e-07
8.072500e+01  1.013711e-07
8.077500e+01  1.013397e-08
8.082500e+01  0.000000e+00
8.087500e+01  0.000000e+00
8.092500e+01  0.000000e+00
8.097500e+01  0.000000e+00
8.102500e+01  0.000000e+00
8.107500e+01  0.000000e+00
8.112500e+01  3.033625e-08
8.117500e+01  6.065381e-08
8.122500e+01  5.052928e-08
8.127500e+01  1.010275e-08
8.132500e+01  0.000000e+00
8.137500e+01  0.000000e+00
8.142500e+01  0.000000e+00
8.147500e+01  0.000000e+00
8.152500e+01  0.000000e+00
8.157500e+01  0.000000e+00
8.162500e+01  0.000000e+00
8.167500e+01  2.015596e-08
8.172500e+01  1.611983e-07
8.177500e+01  4.028726e-08
8.182500e+01  1.006874e-08
8.187500e+01  7.045963e-08
8.192500e+01  1.106885e-07
8.197500e+01  5.029760e-08
8.202500e+01  2.011291e-08
8.207500e+01  3.016017e-08
8.212500e+01  2.010066e-08
8.217500e+01  9.042544e-08
8.222500e+01  8.035373e-08
8.227500e+01  0.000000e+00
8.232500e+01  0.000000e+00
8.237500e+01  0.000000e+00
8.242500e+01  0.000000e+00
8.247500e+01  0.000000e+00
8.252500e+01  0.000000e+00
8.257500e+01  0.000000e+00
8.262500e+01  0.000000e+00
8.267500e+01  0.000000e+00
8.272500e+01  0.000000e+00
8.277500e+01  0.000000e+00
8.282500e+01  0.000000e+00
8.287500e+01  0.000000e+00
8.292500e+01  0.000000e+00
8.297500e+01  0.000000e+00
8.302500e+01  0.000000e+00
8.307500e+01  0.000000e+00
8.312500e+01  0.000000e+00
8.317500e+01  0.000000e+00
8.322500e+01  0.000000e+00
8.327500e+01  0.000000e+00
8.332500e+01  0.000000e+00
8.337500e+01  0.000000e+00
8.342500e+01  0.000000e+00
8.347500e+01  9.968729e-09
8.352500e+01  9.965745e-09
8.357500e+01  1.992553e-08
8.362500e+01  2.987935e-08
8.367500e+01  2.987042e-08
8.372500e+01  1.990767e-08
8.377500e+01  9.950864e-08
8.382500e+01  2.984369e-08
8.387500e+01  9.944930e-09
8.392500e+01  9.941967e-09
8.397500e+01  9.939007e-09
8.402500e+01  0.000000e+00
8.407500e+01  2.979928e-08
8.412500e+01  4.965071e-08
8.417500e+01  4.963596e-08
8.422500e+01  0.000000e+00
8.427500e+01  0.000000e+00
8.432500e+01  0.000000e+00
8.437500e+01  0.000000e+00
8.442500e+01  0.000000e+00
8.447500e+01  0.000000e+00
8.452500e+01  4.953309e-08
8.457500e+01  1.683627e-07
8.462500e+01  1.287099e-07
8.467500e+01  5.938703e-08
8.472500e+01  1.781085e-07
8.477500e+01  0.000000e+00
8.482500e+01  0.000000e+00
8.487500e+01  0.000000e+00
8.492500e+01  0.000000e+00
8.497500e+01  0.000000e+00
8.502500e+01  0.000000e+00
8.507500e+01  0.000000e+00
8.512500e+01  1.283314e-07
8.517500e+01  8.881870e-08
8.522500e+01  7.892680e-08
8.527500e+01  0.000000e+00
8.532500e+01  0.000000e+00
8.537500e+01  0.000000e+00
8.542500e+01  0.000000e+00
8.547500e+01  0.000000e+00
8.552500e+01  0.000000e+00
8.557500e+01  0.000000e+00
8.562500e+01  0.000000e+00
8.567500e+01  0.000000e+00
8.572500e+01  0.000000e+00
8.577500e+01  9.834168e-09
8.582500e+01  4.915652e-08
8.587500e+01  4.914220e-08
8.592500e+01  1.965116e-08
8.597500e+01  1.964545e-08
8.602500e+01  9.819868e-09
8.607500e+01  1.963403e-08
8.612500e+01  9.814165e-09
8.617500e+01  9.811318e-09
8.622500e+01  1.961695e-08
8.627500e+01  9.805630e-09
8.632500e+01  1.960558e-08
8.637500e+01  0.000000e+00
8.642500e+01  0.000000e+00
8.647500e+01  0.000000e+00
8.652500e+01  0.000000e+00
8.657500e+01  0.000000e+00
8.662500e+01  0.000000e+00
8.667500e+01  2.934893e-08
8.672500e+01  8.802142e-08
8.677500e+01  1.564374e-07
8.682500e+01  4.887262e-08
8.687500e+01  6.840197e-08
8.692500e+01  2.735292e-07
8.697500e+01  2.246201e-07
8.702500e+01  7.810628e-08
8.707500e+01  0.000000e+00
8.712500e+01  0.000000e+00
8.717500e+01  0.000000e+00
8.722500e+01  0.000000e+00
8.727500e+01  0.000000e+00
8.732500e+01  0.000000e+00
8.737500e+01  0.000000e+00
8.742500e+01  0.000000e+00
8.747500e+01  0.000000e+00
8.752500e+01  0.000000e+00
8.757500e+01  0.000000e+00
8.762500e+01  0.000000e+00
8.767500e+01  0.000000e+00
8.772500e+01  0.000000e+00
8.777500e+01  9.721484e-09
8.782500e+01  2.915615e-08
8.787500e+01  2.914785e-08
8.792500e+01  3.885275e-08
8.797500e+01  0.000000e+00
8.802500e+01  0.000000e+00
8.807500e+01  0.000000e+00
8.812500e+01  0.000000e+00
8.817500e+01  0.000000e+00
8.822500e+01  0.000000e+00
8.827500e+01  0.000000e+00
8.832500e+01  0.000000e+00
8.837500e+01  0.000000e+00
8.842500e+01  0.000000e+00
8.847500e+01  0.000000e+00
8.852500e+01  0.000000e+00
8.857500e+01  0.000000e+00
8.862500e+01  0.000000e+00
8.867500e+01  0.000000e+00
8.872500e+01  0.000000e+00
8.877500e+01  0.000000e+00
8.882500e+01  0.000000e+00
8.887500e+01  0.000000e+00
8.892500e+01  0.000000e+00
8.897500e+01  0.000000e+00
8.902500e+01  0.000000e+00
8.907500e+01  0.000000e+00
8.912500e+01  0.000000e+00
8.917500e+01  9.644871e-09
8.922500e+01  1.928434e-08
8.927500e+01  9.639468e-09
8.932500e+01  2.891031e-08
8.937500e+01  5.780444e-08
8.942500e+01  5.778828e-08
8.947500e+01  1.733164e-07
8.952500e+01  5.775600e-08
8.957500e+01  1.924662e-08
8.962500e+01  3.848251e-08
8.967500e+01  5.770767e-08
8.972500e+01  2.884580e-08
8.977500e+01  2.883776e-08
8.982500e+01  0.000000e+00
8.987500e+01  9.607238e-09
8.992500e+01  9.604567e-09
8.997500e+01  1.920380e-08
9.002500e+01  7.679385e-08
9.007500e+01  6.717596e-08
9.012500e+01  8.634513e-08
9.017500e+01  6.713870e-08
9.022500e+01  2.876576e-08
9.027500e+01  9.585930e-08
9.032500e+01  1.916655e-08
9.037500e+01  5.748375e-08
9.042500e+01  4.788988e-08
9.047500e+01  2.872599e-08
9.052500e+01  2.010264e-07
9.057500e+01  1.626907e-07
9.062500e+01  3.826960e-08
9.067500e+01  0.000000e+00
9.072500e+01  0.000000e+00
9.077500e+01  0.000000e+00
9.082500e+01  0.000000e+00
9.087500e+01  0.000000e+00
9.092500e+01  0.000000e+00
9.097500e+01  0.000000e+00
9.102500e+01  0.000000e+00
9.107500e+01  0.000000e+00
9.112500e+01  0.000000e+00
9.117500e+01  0.000000e+00
9.122500e+01  0.000000e+00
9.127500e+01  0.000000e+00
9.132500e+01  1.334293e-07
9.137500e+01  1.238647e-07
9.142500e+01  9.525450e-09
9.147500e+01  0.000000e+00
9.152500e+01  0.000000e+00
9.157500e+01  0.000000e+00
9.162500e+01  0.000000e+00
9.167500e+01  0.000000e+00
9.172500e+01  0.000000e+00
9.177500e+01  0.000000e+00
9.182500e+01  4.182059e-07
9.187500e+01  4.941089e-07
9.192500e+01  2.374877e-07
9.197500e+01  0.000000e+00
9.202500e+01  0.000000e+00
9.207500e+01  0.000000e+00
9.212500e+01  0.000000e+00
9.217500e+01  0.000000e+00
9.222500e+01  0.000000e+00
9.227500e+01  0.000000e+00
9.232500e+01  9.478909e-09
9.237500e+01  1.895269e-08
9.242500e+01  2.842134e-08
9.247500e+01  9.471218e-09
9.252500e+01  1.325612e-07
9.257500e+01  1.041271e-07
9.262500e+01  1.608803e-07
9.267500e+01  9.460992e-09
9.272500e+01  9.458441e-09
9.277500e+01  1.891178e-08
9.282500e+01  1.890669e-08
9.287500e+01  9.450800e-09
9.292500e+01  0.000000e+00
9.297500e+01  0.000000e+00
9.302500e+01  0.000000e+00
9.307500e+01  3.776256e-08
9.312500e+01  3.775242e-08
9.317500e+01  4.717787e-08
9.322500e+01  7.546434e-08
9.327500e+01  9.430514e-08
9.332500e+01  3.771195e-08
9.337500e+01  2.827639e-08
9.342500e+01  1.884588e-08
9.347500e+01  2.826126e-08
9.352500e+01  7.534321e-08
9.357500e+01  7.532308e-08
9.362500e+01  0.000000e+00
9.367500e+01  0.000000e+00
9.372500e+01  0.000000e+00
9.377500e+01  0.000000e+00
9.382500e+01  0.000000e+00
9.387500e+01  0.000000e+00
9.392500e+01  0.000000e+00
9.397500e+01  0.000000e+00
9.402500e+01  0.000000e+00
9.407500e+01  0.000000e+00
9.412500e+01  0.000000e+00
9.417500e+01  0.000000e+00
9.422500e+01  0.000000e+00
9.427500e+01  0.000000e+00
9.432500e+01  0.000000e+00
9.437500e+01  0.000000e+00
9.442500e+01  0.000000e+00
9.447500e+01  0.000000e+00
9.452500e+01  0.000000e+00
9.457500e+01  0.000000e+00
9.462500e+01  0.000000e+00
9.467500e+01  0.000000e+00
9.472500e+01  0.000000e+00
9.477500e+01  0.000000e+00
9.482500e+01  0.000000e+00
9.487500e+01  0.000000e+00
9.492500e+01  0.000000e+00
9.497500e+01  0.000000e+00
9.502500e+01  0.000000e+00
9.507500e+01  0.000000e+00
9.512500e+01  0.000000e+00
9.517500e+01  0.000000e+00
9.522500e+01  0.000000e+00
9.527500e+01  0.000000e+00
9.532500e+01  0.000000e+00
9.537500e+01  0.000000e+00
9.542500e+01  0.000000e+00
9.547500e+01  0.000000e+00
9.552500e+01  0.000000e+00
9.557500e+01  0.000000e+00
9.562500e+01  0.000000e+00
9.567500e+01  0.000000e+00
9.572500e+01  0.000000e+00
9.577500e+01  0.000000e+00
9.582500e+01  0.000000e+00
9.587500e+01  0.000000e+00
9.592500e+01  0.000000e+00
9.597500e+01  0.000000e+00
9.602500e+01  0.000000e+00
9.607500e+01  1.579653e-07
9.612500e+01  2.136622e-07
9.617500e+01  1.114469e-07
9.622500e+01  0.000000e+00
9.627500e+01  0.000000e+00
9.632500e+01  0.000000e+00
9.637500e+01  0.000000e+00
9.642500e+01  0.000000e+00
9.647500e+01  0.000000e+00
9.652500e+01  0.000000e+00
9.657500e+01  0.000000e+00
9.662500e+01  0.000000e+00
9.667500e+01  0.000000e+00
9.672500e+01  0.000000e+00
9.677500e+01  0.000000e+00
9.682500e+01  0.000000e+00
9.687500e+01  0.000000e+00
9.692500e+01  4.625622e-08
9.697500e+01  4.624429e-08
9.702500e+01  4.623237e-08
9.707500e+01  1.848819e-07
9.712500e+01  1.386257e-07
9.717500e+01  1.847867e-07
9.722500e+01  9.236959e-08
9.727500e+01  9.234585e-09
9.732500e+01  9.232212e-09
9.737500e+01  0.000000e+00
9.742500e+01  0.000000e+00
9.747500e+01  0.000000e+00
9.752500e+01  0.000000e+00
9.757500e+01  0.000000e+00
9.762500e+01  0.000000e+00
9.767500e+01  0.000000e+00
9.772500e+01  0.000000e+00
9.777500e+01  0.000000e+00
9.782500e+01  0.000000e+00
9.787500e+01  0.000000e+00
9.792500e+01  0.000000e+00
9.797500e+01  0.000000e+00
9.802500e+01  0.000000e+00
9.807500e+01  0.000000e+00
9.812500e+01  0.000000e+00
9.817500e+01  0.000000e+00
9.822500e+01  0.000000e+00
9.827500e+01  0.000000e+00
9.832500e+01  0.000000e+00
9.837500e+01  0.000000e+00
9.842500e+01  0.000000e+00
9.847500e+01  0.000000e+00
9.852500e+01  0.000000e+00
9.857500e+01  0.000000e+00
9.862500e+01  0.000000e+00
9.867500e+01  0.000000e+00
9.872500e+01  0.000000e+00
9.877500e+01  0.000000e+00
9.882500e+01  0.000000e+00
9.887500e+01  0.000000e+00
9.892500e+01  0.000000e+00
9.897500e+01  0.000000e+00
9.902500e+01  0.000000e+00
9.907500e+01  0.000000e+00
9.912500e+01  0.000000e+00
9.917500e+01  0.000000e+00
9.922500e+01  0.000000e+00
9.927500e+01  9.141091e-09
9.932500e+01  1.827758e-08
9.937500e+01  9.136491e-09
9.942500e+01  1.826839e-08
9.947500e+01  0.000000e+00
9.952500e+01  0.000000e+00
9.957500e+01  0.000000e+00
9.962500e+01  0.000000e+00
9.967500e+01  0.000000e+00
9.972500e+01  0.000000e+00
9.977500e+01  0.000000e+00
9.982500e+01  0.000000e+00
9.987500e+01  0.000000e+00
9.992500e+01  0.000000e+00
9.997500e+01  0.000000e+00
