 0.00000  2.968408e+02
 0.00005  2.967817e+02
 0.00010  2.967237e+02
 0.00015  2.966668e+02
 0.00020  2.966106e+02
 0.00024  2.965548e+02
 0.00029  2.964998e+02
 0.00034  2.964452e+02
 0.00039  2.963909e+02
 0.00044  2.963371e+02
 0.00049  2.962840e+02
 0.00054  2.962318e+02
 0.00059  2.961799e+02
 0.00064  2.961286e+02
 0.00068  2.960780e+02
 0.00073  2.960279e+02
 0.00078  2.959793e+02
 0.00083  2.959317e+02
 0.00088  2.958846e+02
 0.00093  2.958378e+02
 0.00098  2.957919e+02
 0.00103  2.957471e+02
 0.00108  2.957033e+02
 0.00113  2.956603e+02
 0.00117  2.956175e+02
 0.00122  2.955752e+02
 0.00127  2.955338e+02
 0.00132  2.954933e+02
 0.00137  2.954535e+02
 0.00142  2.954148e+02
 0.00147  2.953762e+02
 0.00152  2.953380e+02
 0.00157  2.953001e+02
 0.00161  2.952629e+02
 0.00166  2.952263e+02
 0.00171  2.951904e+02
 0.00176  2.951559e+02
 0.00181  2.951225e+02
 0.00186  2.950897e+02
 0.00191  2.950580e+02
 0.00196  2.950270e+02
 0.00201  2.949966e+02
 0.00205  2.949670e+02
 0.00210  2.949376e+02
 0.00215  2.949089e+02
 0.00220  2.948806e+02
 0.00225  2.948528e+02
 0.00230  2.948256e+02
 0.00235  2.947989e+02
 0.00240  2.947731e+02
 0.00245  2.947478e+02
 0.00250  2.947231e+02
 0.00254  2.946990e+02
 0.00259  2.946755e+02
 0.00264  2.946530e+02
 0.00269  2.946316e+02
 0.00274  2.946107e+02
 0.00279  2.945901e+02
 0.00284  2.945700e+02
 0.00289  2.945503e+02
 0.00294  2.945309e+02
 0.00298  2.945120e+02
 0.00303  2.944939e+02
 0.00308  2.944761e+02
 0.00313  2.944589e+02
 0.00318  2.944424e+02
 0.00323  2.944261e+02
 0.00328  2.944102e+02
 0.00333  2.943949e+02
 0.00338  2.943800e+02
 0.00342  2.943656e+02
 0.00347  2.943514e+02
 0.00352  2.943376e+02
 0.00357  2.943241e+02
 0.00362  2.943112e+02
 0.00367  2.942987e+02
 0.00372  2.942868e+02
 0.00377  2.942753e+02
 0.00382  2.942641e+02
 0.00386  2.942534e+02
 0.00391  2.942429e+02
 0.00396  2.942328e+02
 0.00401  2.942232e+02
 0.00406  2.942140e+02
 0.00411  2.942050e+02
 0.00416  2.941962e+02
 0.00421  2.941876e+02
 0.00426  2.941793e+02
 0.00431  2.941715e+02
 0.00435  2.941640e+02
 0.00440  2.941569e+02
 0.00445  2.941501e+02
 0.00450  2.941436e+02
 0.00455  2.941372e+02
 0.00460  2.941308e+02
 0.00465  2.941248e+02
 0.00470  2.941189e+02
 0.00475  2.941131e+02
 0.00479  2.941075e+02
 0.00484  2.941021e+02
 0.00489  2.940969e+02
 0.00494  2.940919e+02
 0.00499  2.940871e+02
 0.00504  2.940825e+02
 0.00509  2.940782e+02
 0.00514  2.940741e+02
 0.00519  2.940701e+02
 0.00523  2.940664e+02
 0.00528  2.940627e+02
 0.00533  2.940593e+02
 0.00538  2.940559e+02
 0.00543  2.940527e+02
 0.00548  2.940496e+02
 0.00553  2.940465e+02
 0.00558  2.940436e+02
 0.00563  2.940408e+02
 0.00568  2.940381e+02
 0.00572  2.940355e+02
 0.00577  2.940329e+02
 0.00582  2.940304e+02
 0.00587  2.940280e+02
 0.00592  2.940256e+02
 0.00597  2.940234e+02
 0.00602  2.940212e+02
 0.00607  2.940192e+02
 0.00612  2.940172e+02
 0.00616  2.940153e+02
 0.00621  2.940136e+02
 0.00626  2.940118e+02
 0.00631  2.940102e+02
 0.00636  2.940086e+02
 0.00641  2.940070e+02
 0.00646  2.940054e+02
 0.00651  2.940039e+02
 0.00656  2.940025e+02
 0.00660  2.940011e+02
 0.00665  2.939998e+02
 0.00670  2.939985e+02
 0.00675  2.939973e+02
 0.00680  2.939960e+02
 0.00685  2.939949e+02
 0.00690  2.939938e+02
 0.00695  2.939927e+02
 0.00700  2.939917e+02
 0.00705  2.939907e+02
 0.00709  2.939897e+02
 0.00714  2.939887e+02
 0.00719  2.939878e+02
 0.00724  2.939868e+02
 0.00729  2.939859e+02
 0.00734  2.939850e+02
 0.00739  2.939841e+02
 0.00744  2.939832e+02
 0.00749  2.939822e+02
 0.00753  2.939814e+02
 0.00758  2.939805e+02
 0.00763  2.939796e+02
 0.00768  2.939787e+02
 0.00773  2.939779e+02
 0.00778  2.939770e+02
 0.00783  2.939762e+02
 0.00788  2.939753e+02
 0.00793  2.939745e+02
 0.00797  2.939737e+02
 0.00802  2.939729e+02
 0.00807  2.939721e+02
 0.00812  2.939713e+02
 0.00817  2.939705e+02
 0.00822  2.939697e+02
 0.00827  2.939689e+02
 0.00832  2.939681e+02
 0.00837  2.939673e+02
 0.00841  2.939665e+02
 0.00846  2.939657e+02
 0.00851  2.939649e+02
 0.00856  2.939641e+02
 0.00861  2.939633e+02
 0.00866  2.939625e+02
 0.00871  2.939617e+02
 0.00876  2.939609e+02
 0.00881  2.939601e+02
 0.00886  2.939592e+02
 0.00890  2.939584e+02
 0.00895  2.939576e+02
 0.00900  2.939568e+02
 0.00905  2.939560e+02
 0.00910  2.939551e+02
 0.00915  2.939543e+02
 0.00920  2.939535e+02
 0.00925  2.939526e+02
 0.00930  2.939518e+02
 0.00934  2.939510e+02
 0.00939  2.939501e+02
 0.00944  2.939493e+02
 0.00949  2.939484e+02
 0.00954  2.939476e+02
 0.00959  2.939467e+02
 0.00964  2.939459e+02
 0.00969  2.939450e+02
 0.00974  2.939442e+02
 0.00978  2.939433e+02
 0.00983  2.939425e+02
 0.00988  2.939416e+02
 0.00993  2.939408e+02
 0.00998  2.939399e+02
 0.01003  2.939391e+02
 0.01008  2.939382e+02
 0.01013  2.939373e+02
 0.01018  2.939365e+02
 0.01023  2.939356e+02
 0.01027  2.939347e+02
 0.01032  2.939339e+02
 0.01037  2.939330e+02
 0.01042  2.939321e+02
 0.01047  2.939312e+02
 0.01052  2.939304e+02
 0.01057  2.939295e+02
 0.01062  2.939286e+02
 0.01067  2.939277e+02
 0.01071  2.939269e+02
 0.01076  2.939260e+02
 0.01081  2.939251e+02
 0.01086  2.939242e+02
 0.01091  2.939233e+02
 0.01096  2.939224e+02
 0.01101  2.939216e+02
 0.01106  2.939207e+02
 0.01111  2.939198e+02
 0.01115  2.939189e+02
 0.01120  2.939180e+02
 0.01125  2.939172e+02
 0.01130  2.939163e+02
 0.01135  2.939154e+02
 0.01140  2.939145e+02
 0.01145  2.939137e+02
 0.01150  2.939128e+02
 0.01155  2.939119e+02
 0.01159  2.939111e+02
 0.01164  2.939102e+02
 0.01169  2.939093e+02
 0.01174  2.939085e+02
 0.01179  2.939076e+02
 0.01184  2.939067e+02
 0.01189  2.939058e+02
 0.01194  2.939050e+02
 0.01199  2.939041e+02
 0.01204  2.939032e+02
 0.01208  2.939023e+02
 0.01213  2.939015e+02
 0.01218  2.939006e+02
 0.01223  2.938997e+02
 0.01228  2.938989e+02
 0.01233  2.938980e+02
 0.01238  2.938971e+02
 0.01243  2.938962e+02
 0.01248  2.938954e+02
 0.01252  2.938945e+02
 0.01257  2.938936e+02
 0.01262  2.938927e+02
 0.01267  2.938919e+02
 0.01272  2.938910e+02
 0.01277  2.938901e+02
 0.01282  2.938892e+02
 0.01287  2.938884e+02
 0.01292  2.938875e+02
 0.01296  2.938866e+02
 0.01301  2.938857e+02
 0.01306  2.938848e+02
 0.01311  2.938840e+02
 0.01316  2.938831e+02
 0.01321  2.938822e+02
 0.01326  2.938813e+02
 0.01331  2.938805e+02
 0.01336  2.938796e+02
 0.01341  2.938787e+02
 0.01345  2.938778e+02
 0.01350  2.938769e+02
 0.01355  2.938761e+02
 0.01360  2.938752e+02
 0.01365  2.938743e+02
 0.01370  2.938734e+02
 0.01375  2.938725e+02
 0.01380  2.938717e+02
 0.01385  2.938708e+02
 0.01389  2.938699e+02
 0.01394  2.938690e+02
 0.01399  2.938682e+02
 0.01404  2.938673e+02
 0.01409  2.938664e+02
 0.01414  2.938656e+02
 0.01419  2.938647e+02
 0.01424  2.938638e+02
 0.01429  2.938630e+02
 0.01433  2.938621e+02
 0.01438  2.938612e+02
 0.01443  2.938604e+02
 0.01448  2.938595e+02
 0.01453  2.938586e+02
 0.01458  2.938578e+02
 0.01463  2.938569e+02
 0.01468  2.938560e+02
 0.01473  2.938552e+02
 0.01477  2.938543e+02
 0.01482  2.938534e+02
 0.01487  2.938526e+02
 0.01492  2.938517e+02
 0.01497  2.938508e+02
 0.01502  2.938500e+02
 0.01507  2.938491e+02
 0.01512  2.938482e+02
 0.01517  2.938473e+02
 0.01522  2.938464e+02
 0.01526  2.938456e+02
 0.01531  2.938448e+02
 0.01536  2.938440e+02
 0.01541  2.938432e+02
 0.01546  2.938424e+02
 0.01551  2.938416e+02
 0.01556  2.938408e+02
 0.01561  2.938400e+02
 0.01566  2.938392e+02
 0.01570  2.938384e+02
 0.01575  2.938376e+02
 0.01580  2.938368e+02
 0.01585  2.938360e+02
 0.01590  2.938351e+02
 0.01595  2.938343e+02
 0.01600  2.938335e+02
 0.01605  2.938327e+02
 0.01610  2.938319e+02
 0.01614  2.938310e+02
 0.01619  2.938302e+02
 0.01624  2.938294e+02
 0.01629  2.938286e+02
 0.01634  2.938277e+02
 0.01639  2.938269e+02
 0.01644  2.938261e+02
 0.01649  2.938252e+02
 0.01654  2.938244e+02
 0.01659  2.938235e+02
 0.01663  2.938227e+02
 0.01668  2.938218e+02
 0.01673  2.938209e+02
 0.01678  2.938201e+02
 0.01683  2.938192e+02
 0.01688  2.938183e+02
 0.01693  2.938175e+02
 0.01698  2.938166e+02
 0.01703  2.938157e+02
 0.01707  2.938148e+02
 0.01712  2.938140e+02
 0.01717  2.938131e+02
 0.01722  2.938122e+02
 0.01727  2.938114e+02
 0.01732  2.938105e+02
 0.01737  2.938097e+02
 0.01742  2.938088e+02
 0.01747  2.938080e+02
 0.01751  2.938071e+02
 0.01756  2.938063e+02
 0.01761  2.938055e+02
 0.01766  2.938048e+02
 0.01771  2.938040e+02
 0.01776  2.938033e+02
 0.01781  2.938025e+02
 0.01786  2.938018e+02
 0.01791  2.938012e+02
 0.01795  2.938007e+02
 0.01800  2.938001e+02
 0.01805  2.937995e+02
 0.01810  2.937990e+02
 0.01815  2.937985e+02
 0.01820  2.937980e+02
 0.01825  2.937975e+02
 0.01830  2.937971e+02
 0.01835  2.937967e+02
 0.01840  2.937964e+02
 0.01844  2.937961e+02
 0.01849  2.937957e+02
 0.01854  2.937954e+02
 0.01859  2.937952e+02
 0.01864  2.937950e+02
 0.01869  2.937948e+02
 0.01874  2.937947e+02
 0.01879  2.937947e+02
 0.01884  2.937948e+02
 0.01888  2.937949e+02
 0.01893  2.937951e+02
 0.01898  2.937954e+02
 0.01903  2.937956e+02
 0.01908  2.937960e+02
 0.01913  2.937965e+02
 0.01918  2.937970e+02
 0.01923  2.937976e+02
 0.01928  2.937983e+02
 0.01932  2.937991e+02
 0.01937  2.938000e+02
 0.01942  2.938010e+02
 0.01947  2.938021e+02
 0.01952  2.938033e+02
 0.01957  2.938047e+02
 0.01962  2.938063e+02
 0.01967  2.938081e+02
 0.01972  2.938101e+02
 0.01977  2.938122e+02
 0.01981  2.938145e+02
 0.01986  2.938170e+02
 0.01991  2.938195e+02
 0.01996  2.938221e+02
 0.02001  2.938249e+02
 0.02006  2.938278e+02
 0.02011  2.938309e+02
 0.02016  2.938343e+02
 0.02021  2.938379e+02
 0.02025  2.938419e+02
 0.02030  2.938460e+02
 0.02035  2.938505e+02
 0.02040  2.938551e+02
 0.02045  2.938601e+02
 0.02050  2.938654e+02
 0.02055  2.938712e+02
 0.02060  2.938773e+02
 0.02065  2.938836e+02
 0.02069  2.938903e+02
 0.02074  2.938975e+02
 0.02079  2.939050e+02
 0.02084  2.939129e+02
 0.02089  2.939212e+02
 0.02094  2.939298e+02
 0.02099  2.939387e+02
 0.02104  2.939479e+02
 0.02109  2.939575e+02
 0.02114  2.939674e+02
 0.02118  2.939776e+02
 0.02123  2.939880e+02
 0.02128  2.939990e+02
 0.02133  2.940104e+02
 0.02138  2.940222e+02
 0.02143  2.940344e+02
 0.02148  2.940472e+02
 0.02153  2.940604e+02
 0.02158  2.940740e+02
 0.02162  2.940881e+02
 0.02167  2.941026e+02
 0.02172  2.941173e+02
 0.02177  2.941324e+02
 0.02182  2.941482e+02
 0.02187  2.941645e+02
 0.02192  2.941812e+02
 0.02197  2.941983e+02
 0.02202  2.942157e+02
 0.02206  2.942336e+02
 0.02211  2.942523e+02
 0.02216  2.942716e+02
 0.02221  2.942911e+02
 0.02226  2.943115e+02
 0.02231  2.943326e+02
 0.02236  2.943542e+02
 0.02241  2.943770e+02
 0.02246  2.944003e+02
 0.02250  2.944243e+02
 0.02255  2.944495e+02
 0.02260  2.944758e+02
 0.02265  2.945027e+02
 0.02270  2.945302e+02
 0.02275  2.945584e+02
 0.02280  2.945875e+02
 0.02285  2.946177e+02
 0.02290  2.946490e+02
 0.02295  2.946809e+02
 0.02299  2.947136e+02
 0.02304  2.947469e+02
 0.02309  2.947808e+02
 0.02314  2.948157e+02
 0.02319  2.948514e+02
 0.02324  2.948876e+02
 0.02329  2.949244e+02
 0.02334  2.949617e+02
 0.02339  2.949993e+02
 0.02343  2.950376e+02
 0.02348  2.950769e+02
 0.02353  2.951167e+02
 0.02358  2.951568e+02
 0.02363  2.951979e+02
 0.02368  2.952398e+02
 0.02373  2.952824e+02
 0.02378  2.953255e+02
 0.02383  2.953693e+02
 0.02387  2.954139e+02
 0.02392  2.954593e+02
 0.02397  2.955050e+02
 0.02402  2.955512e+02
 0.02407  2.955977e+02
 0.02412  2.956448e+02
 0.02417  2.956923e+02
 0.02422  2.957406e+02
 0.02427  2.957892e+02
 0.02432  2.958384e+02
 0.02436  2.958887e+02
 0.02441  2.959403e+02
 0.02446  2.959926e+02
 0.02451  2.960457e+02
 0.02456  2.960993e+02
 0.02461  2.961538e+02
 0.02466  2.962093e+02
 0.02471  2.962666e+02
 0.02476  2.963249e+02
 0.02480  2.963839e+02
 0.02485  2.964437e+02
 0.02490  2.965046e+02
 0.02495  2.965668e+02
 0.02500  2.966299e+02
