ELASTIC
Ar
0
SPECIES: Ar* / Ar
PROCESS: Ar* + Ar -> Ar* + Ar, Elastic
PARAM.:
COMMENT: 
COMMENT: 
UPDATED: 2021-11-16 17:52:00
COLUMNS: Energy (eV) | Cross section (m2)
-----------------------------
1.000000e-03 2.874949e-18
5.000000e-02 3.850000e-19
6.670000e-02 3.320000e-19
8.890000e-02 2.880000e-19
1.185000e-01 2.490000e-19
1.580000e-01 2.170000e-19
2.110000e-01 1.870000e-19
2.810000e-01 1.610000e-19
3.750000e-01 1.410000e-19
5.000000e-01 1.220000e-19
6.670000e-01 1.060000e-19
8.890000e-01 9.100000e-20
1.185000e+00 7.900000e-20
1.580000e+00 6.850000e-20
2.110000e+00 5.900000e-20
2.810000e+00 5.200000e-20
3.750000e+00 4.630000e-20
5.000000e+00 4.070000e-20
6.670000e+00 3.650000e-20
8.890000e+00 3.270000e-20
1.185000e+01 2.940000e-20
1.580000e+01 2.670000e-20
2.110000e+01 2.420000e-20
2.810000e+01 2.260000e-20
3.750000e+01 2.090000e-20
5.000000e+01 1.950000e-20
6.670000e+01 1.810000e-20
8.890000e+01 1.700000e-20
1.185000e+02 1.590000e-20
1.580000e+02 1.490000e-20
2.110000e+02 1.400000e-20
2.810000e+02 1.320000e-20
3.750000e+02 1.230000e-20
5.000000e+02 1.150000e-20
6.670000e+02 1.070000e-20
8.890000e+02 9.800000e-21
1.185000e+03 8.950000e-21
1.580000e+03 8.070000e-21
2.110000e+03 7.350000e-21
2.810000e+03 6.450000e-21
3.750000e+03 5.700000e-21
5.000000e+03 4.900000e-21
-----------------------------